afm41          474     relax=converged     singlepoint=converged     Fe12O18       P-3         energy=-205.15247062
          initial_magmoms=[4.0 4.0 4.0 4.0 4.0 4.0 -4.0 -4.0 -4.0 -4.0 -4.0 -4.0 0.0 0.0 0.0 0.0 0.0 0.0 0.0 0.0 0.0 0.0 0.0 0.0 0.0 0.0 0.0 0.0 0.0 0.0]  final_magmoms=[ 4.151  4.188  4.254  4.217  4.206  4.2   -4.188 -4.254 -4.151 -4.2   -4.206 -4.217 -0.066  0.112  0.134 -0.112 -0.134  0.066 -0.066  0.112  0.134 -0.112 -0.134  0.066 -0.066  0.112  0.134 -0.134 -0.112  0.066]
afm37          468     relax=converged     singlepoint=converged     Fe12O18       P3          energy=-204.83611865
          initial_magmoms=[4.0 4.0 4.0 4.0 4.0 4.0 -4.0 -4.0 -4.0 -4.0 -4.0 -4.0 0.0 0.0 0.0 0.0 0.0 0.0 0.0 0.0 0.0 0.0 0.0 0.0 0.0 0.0 0.0 0.0 0.0 0.0]  final_magmoms=[ 4.198e+00  4.263e+00  4.159e+00  4.200e+00  4.237e+00  4.259e+00 -4.189e+00 -4.308e+00 -4.209e+00 -4.191e+00 -4.199e+00 -4.221e+00 -2.010e-01  2.600e-02  1.180e-01  7.200e-02 -1.200e-02 -3.000e-03 -2.010e-01  2.600e-02  1.180e-01  7.200e-02 -1.200e-02 -3.000e-03 -2.010e-01  2.600e-02  1.180e-01 -1.200e-02  7.200e-02 -3.000e-03]
afm76          465     relax=converged     singlepoint=converged     Fe12O18       P321        energy=-204.07828199
          initial_magmoms=[4.0 4.0 4.0 4.0 4.0 4.0 -4.0 -4.0 -4.0 -4.0 -4.0 -4.0 0.0 0.0 0.0 0.0 0.0 0.0 0.0 0.0 0.0 0.0 0.0 0.0 0.0 0.0 0.0 0.0 0.0 0.0]  final_magmoms=[ 4.198  4.271  4.319  4.209  4.273  4.309 -4.273 -4.309 -4.209 -4.319 -4.198 -4.271 -0.213  0.345  0.     0.213 -0.    -0.345 -0.213  0.345  0.     0.213  0.    -0.345 -0.213  0.345  0.    -0.     0.213 -0.345]
afm52          462     relax=converged     singlepoint=converged     Fe12O18       P3          energy=-204.89408594
          initial_magmoms=[4.0 4.0 4.0 4.0 4.0 4.0 -4.0 -4.0 -4.0 -4.0 -4.0 -4.0 0.0 0.0 0.0 0.0 0.0 0.0 0.0 0.0 0.0 0.0 0.0 0.0 0.0 0.0 0.0 0.0 0.0 0.0]  final_magmoms=[ 4.213  4.235  4.184  4.2    4.2    4.253 -4.191 -4.258 -4.187 -4.242 -4.19  -4.213 -0.189  0.123  0.11   0.023  0.046 -0.113 -0.189  0.123  0.11   0.023  0.046 -0.113 -0.189  0.123  0.11   0.046  0.023 -0.113]
afm69          471     relax=converged     singlepoint=converged     Fe12O18       P321        energy=-205.10555055
          initial_magmoms=[4.0 4.0 4.0 4.0 4.0 4.0 -4.0 -4.0 -4.0 -4.0 -4.0 -4.0 0.0 0.0 0.0 0.0 0.0 0.0 0.0 0.0 0.0 0.0 0.0 0.0 0.0 0.0 0.0 0.0 0.0 0.0]  final_magmoms=[ 4.15   4.213  4.271  4.15   4.213  4.271 -4.205 -4.264 -4.158 -4.158 -4.205 -4.264 -0.093  0.34   0.007  0.007 -0.133 -0.133 -0.093  0.34   0.007  0.007 -0.133 -0.133 -0.093  0.34   0.007 -0.133  0.007 -0.133]
afm40          459     relax=converged     singlepoint=converged     Fe12O18       P-3         energy=-204.77251004
          initial_magmoms=[4.0 4.0 4.0 4.0 4.0 4.0 -4.0 -4.0 -4.0 -4.0 -4.0 -4.0 0.0 0.0 0.0 0.0 0.0 0.0 0.0 0.0 0.0 0.0 0.0 0.0 0.0 0.0 0.0 0.0 0.0 0.0]  final_magmoms=[ 4.259  4.259  4.159  4.159  4.252  4.252 -4.255 -4.255 -4.204 -4.204 -4.212 -4.212 -0.171 -0.171 -0.005  0.176  0.176 -0.005 -0.171 -0.171 -0.005  0.176  0.176 -0.005 -0.171 -0.171 -0.005  0.176  0.176 -0.005]
afm22          453     relax=converged     singlepoint=converged     Fe12O18       P3          energy=-204.8328483
          initial_magmoms=[4.0 4.0 4.0 4.0 4.0 4.0 -4.0 -4.0 -4.0 -4.0 -4.0 -4.0 0.0 0.0 0.0 0.0 0.0 0.0 0.0 0.0 0.0 0.0 0.0 0.0 0.0 0.0 0.0 0.0 0.0 0.0]  final_magmoms=[ 4.265e+00  4.206e+00  4.191e+00  4.159e+00  4.260e+00  4.238e+00 -4.189e+00 -4.310e+00 -4.242e+00 -4.221e+00 -4.209e+00 -4.152e+00  1.700e-02 -2.000e-03 -2.010e-01  1.330e-01  8.300e-02 -2.800e-02  1.700e-02 -2.000e-03 -2.010e-01  1.330e-01  8.300e-02 -2.800e-02  1.700e-02 -2.000e-03 -2.010e-01  8.300e-02  1.330e-01 -2.800e-02]
afm17          456     relax=converged     singlepoint=converged     Fe12O18       P3          energy=-204.43117135
          initial_magmoms=[4.0 4.0 4.0 4.0 4.0 4.0 -4.0 -4.0 -4.0 -4.0 -4.0 -4.0 0.0 0.0 0.0 0.0 0.0 0.0 0.0 0.0 0.0 0.0 0.0 0.0 0.0 0.0 0.0 0.0 0.0 0.0]  final_magmoms=[ 4.200e+00  4.264e+00  4.147e+00  4.260e+00  4.260e+00  4.310e+00 -4.305e+00 -4.248e+00 -4.252e+00 -4.216e+00 -4.199e+00 -4.221e+00 -2.060e-01  1.870e-01 -5.400e-02  2.060e-01  1.000e-03 -1.350e-01 -2.060e-01  1.870e-01 -5.400e-02  2.060e-01  1.000e-03 -1.350e-01 -2.060e-01  1.870e-01 -5.400e-02  1.000e-03  2.060e-01 -1.350e-01]
afm11          450     relax=converged     singlepoint=converged     Fe12O18       P3          energy=-205.04868094
          initial_magmoms=[4.0 4.0 4.0 4.0 4.0 4.0 -4.0 -4.0 -4.0 -4.0 -4.0 -4.0 0.0 0.0 0.0 0.0 0.0 0.0 0.0 0.0 0.0 0.0 0.0 0.0 0.0 0.0 0.0 0.0 0.0 0.0]  final_magmoms=[ 4.219e+00  4.206e+00  4.210e+00  4.160e+00  4.208e+00  4.254e+00 -4.210e+00 -4.260e+00 -4.215e+00 -4.206e+00 -4.152e+00 -4.212e+00 -4.400e-02 -1.000e-03 -1.860e-01  1.310e-01  6.900e-02  3.200e-02 -4.400e-02 -1.000e-03 -1.860e-01  1.310e-01  6.900e-02  3.200e-02 -4.400e-02 -1.000e-03 -1.860e-01  6.900e-02  1.310e-01  3.200e-02]
afm70          441     relax=converged     singlepoint=converged     Fe12O18       P-3c1       energy=-205.58508733
          initial_magmoms=[4.0 4.0 4.0 4.0 4.0 4.0 -4.0 -4.0 -4.0 -4.0 -4.0 -4.0 0.0 0.0 0.0 0.0 0.0 0.0 0.0 0.0 0.0 0.0 0.0 0.0 0.0 0.0 0.0 0.0 0.0 0.0]  final_magmoms=[ 4.188  4.161  4.197  4.161  4.188  4.197 -4.161 -4.188 -4.197 -4.188 -4.161 -4.197  0.106  0.106 -0.106  0.    -0.106  0.     0.106  0.106 -0.106  0.    -0.106  0.     0.106  0.106 -0.106 -0.106  0.     0.   ]
afm44          444     relax=converged     singlepoint=converged     Fe12O18       P3          energy=-204.85033204
          initial_magmoms=[4.0 4.0 4.0 4.0 4.0 4.0 -4.0 -4.0 -4.0 -4.0 -4.0 -4.0 0.0 0.0 0.0 0.0 0.0 0.0 0.0 0.0 0.0 0.0 0.0 0.0 0.0 0.0 0.0 0.0 0.0 0.0]  final_magmoms=[ 4.187  4.151  4.308  4.22   4.198  4.245 -4.26  -4.183 -4.196 -4.262 -4.207 -4.2    0.114 -0.082  0.011 -0.14  -0.11   0.206  0.114 -0.082  0.011 -0.14  -0.11   0.206  0.114 -0.082  0.011 -0.11  -0.14   0.206]
afm71          447     relax=converged     singlepoint=converged     Fe12O18       P-3         energy=-204.7756336
          initial_magmoms=[4.0 4.0 4.0 4.0 4.0 4.0 -4.0 -4.0 -4.0 -4.0 -4.0 -4.0 0.0 0.0 0.0 0.0 0.0 0.0 0.0 0.0 0.0 0.0 0.0 0.0 0.0 0.0 0.0 0.0 0.0 0.0]  final_magmoms=[ 4.217  4.248  4.212  4.147  4.255  4.253 -4.248 -4.217 -4.212 -4.255 -4.147 -4.253 -0.066  0.178 -0.178  0.134  0.066 -0.134 -0.066  0.178 -0.178  0.134  0.066 -0.134 -0.066  0.178 -0.178  0.066  0.134 -0.134]
afm31          438     relax=converged     singlepoint=converged     Fe12O18       P-3c1       energy=-204.09128483
          initial_magmoms=[4.0 4.0 4.0 4.0 4.0 4.0 -4.0 -4.0 -4.0 -4.0 -4.0 -4.0 0.0 0.0 0.0 0.0 0.0 0.0 0.0 0.0 0.0 0.0 0.0 0.0 0.0 0.0 0.0 0.0 0.0 0.0]  final_magmoms=[ 4.267  4.2    4.2    4.267  4.309  4.309 -4.309 -4.309 -4.2   -4.267 -4.267 -4.2    0.206 -0.206 -0.206 -0.     0.206 -0.     0.206 -0.206 -0.206 -0.     0.206 -0.     0.206 -0.206 -0.206  0.206  0.    -0.   ]
afm75          435     relax=converged     singlepoint=converged     Fe12O18       P321        energy=-205.10555065
          initial_magmoms=[4.0 4.0 4.0 4.0 4.0 4.0 -4.0 -4.0 -4.0 -4.0 -4.0 -4.0 0.0 0.0 0.0 0.0 0.0 0.0 0.0 0.0 0.0 0.0 0.0 0.0 0.0 0.0 0.0 0.0 0.0 0.0]  final_magmoms=[ 4.264  4.205  4.158  4.158  4.264  4.205 -4.213 -4.15  -4.271 -4.271 -4.213 -4.15   0.133 -0.007 -0.34   0.133  0.093 -0.007  0.133 -0.007 -0.34   0.133  0.093 -0.007  0.133 -0.007 -0.34   0.093  0.133 -0.007]
afm85          426     relax=converged     singlepoint=converged     Fe12O18       R-3c        energy=-204.44276087
          initial_magmoms=[4.0 4.0 4.0 4.0 4.0 4.0 -4.0 -4.0 -4.0 -4.0 -4.0 -4.0 0.0 0.0 0.0 0.0 0.0 0.0 0.0 0.0 0.0 0.0 0.0 0.0 0.0 0.0 0.0 0.0 0.0 0.0]  final_magmoms=[ 4.234  4.234  4.234  4.234  4.234  4.234 -4.234 -4.234 -4.234 -4.234 -4.234 -4.234 -0.     0.     0.    -0.     0.    -0.    -0.     0.    -0.    -0.     0.     0.    -0.     0.    -0.     0.     0.     0.   ]
afm35          429     relax=converged     singlepoint=converged     Fe12O18       P3          energy=-204.74494001
          initial_magmoms=[4.0 4.0 4.0 4.0 4.0 4.0 -4.0 -4.0 -4.0 -4.0 -4.0 -4.0 0.0 0.0 0.0 0.0 0.0 0.0 0.0 0.0 0.0 0.0 0.0 0.0 0.0 0.0 0.0 0.0 0.0 0.0]  final_magmoms=[ 4.217e+00  4.196e+00  4.216e+00  4.202e+00  4.260e+00  4.253e+00 -4.309e+00 -4.208e+00 -4.205e+00 -4.222e+00 -4.200e+00 -4.208e+00 -2.800e-02 -2.010e-01 -2.000e-03 -1.500e-02  6.000e-02  1.880e-01 -2.800e-02 -2.010e-01 -2.000e-03 -1.500e-02  6.000e-02  1.880e-01 -2.800e-02 -2.010e-01 -2.000e-03  6.000e-02 -1.500e-02  1.880e-01]
afm61          432     relax=converged     singlepoint=converged     Fe12O18       P3          energy=-205.18594702
          initial_magmoms=[4.0 4.0 4.0 4.0 4.0 4.0 -4.0 -4.0 -4.0 -4.0 -4.0 -4.0 0.0 0.0 0.0 0.0 0.0 0.0 0.0 0.0 0.0 0.0 0.0 0.0 0.0 0.0 0.0 0.0 0.0 0.0]  final_magmoms=[ 4.163e+00  4.203e+00  4.212e+00  4.199e+00  4.183e+00  4.255e+00 -4.240e+00 -4.210e+00 -4.257e+00 -4.157e+00 -4.162e+00 -4.188e+00  1.060e-01  1.720e-01 -1.780e-01  4.000e-03  7.000e-03 -1.120e-01  1.060e-01  1.720e-01 -1.780e-01  4.000e-03  7.000e-03 -1.120e-01  1.060e-01  1.720e-01 -1.780e-01  7.000e-03  4.000e-03 -1.120e-01]
afm32          423     relax=converged     singlepoint=converged     Fe12O18       P-3         energy=-204.73856674
          initial_magmoms=[4.0 4.0 4.0 4.0 4.0 4.0 -4.0 -4.0 -4.0 -4.0 -4.0 -4.0 0.0 0.0 0.0 0.0 0.0 0.0 0.0 0.0 0.0 0.0 0.0 0.0 0.0 0.0 0.0 0.0 0.0 0.0]  final_magmoms=[ 4.151  4.151  4.257  4.257  4.26   4.26  -4.25  -4.25  -4.216 -4.207 -4.207 -4.216 -0.053 -0.053  0.188 -0.134 -0.134  0.188 -0.053 -0.053  0.188 -0.134 -0.134  0.188 -0.053 -0.053  0.188 -0.134 -0.134  0.188]
afm36          420     relax=converged     singlepoint=converged     Fe12O18       P3          energy=-204.83055871
          initial_magmoms=[4.0 4.0 4.0 4.0 4.0 4.0 -4.0 -4.0 -4.0 -4.0 -4.0 -4.0 0.0 0.0 0.0 0.0 0.0 0.0 0.0 0.0 0.0 0.0 0.0 0.0 0.0 0.0 0.0 0.0 0.0 0.0]  final_magmoms=[ 4.186e+00  4.151e+00  4.271e+00  4.209e+00  4.270e+00  4.250e+00 -4.309e+00 -4.182e+00 -4.205e+00 -4.223e+00 -4.209e+00 -4.200e+00  1.210e-01 -2.120e-01  4.000e-03 -1.520e-01 -1.100e-01  3.450e-01  1.210e-01 -2.120e-01  4.000e-03 -1.520e-01 -1.100e-01  3.450e-01  1.210e-01 -2.120e-01  4.000e-03 -1.100e-01 -1.520e-01  3.450e-01]
afm50          417     relax=converged     singlepoint=converged     Fe12O18       P3          energy=-204.44485783
          initial_magmoms=[4.0 4.0 4.0 4.0 4.0 4.0 -4.0 -4.0 -4.0 -4.0 -4.0 -4.0 0.0 0.0 0.0 0.0 0.0 0.0 0.0 0.0 0.0 0.0 0.0 0.0 0.0 0.0 0.0 0.0 0.0 0.0]  final_magmoms=[ 4.259  4.197  4.255  4.211  4.261  4.247 -4.311 -4.147 -4.257 -4.257 -4.263 -4.199  0.138 -0.205 -0.178 -0.012  0.082  0.176  0.138 -0.205 -0.178 -0.012  0.082  0.176  0.138 -0.205 -0.178  0.082 -0.012  0.176]
afm9           414     relax=converged     singlepoint=converged     Fe12O18       P3          energy=-205.04867931
          initial_magmoms=[4.0 4.0 4.0 4.0 4.0 4.0 -4.0 -4.0 -4.0 -4.0 -4.0 -4.0 0.0 0.0 0.0 0.0 0.0 0.0 0.0 0.0 0.0 0.0 0.0 0.0 0.0 0.0 0.0 0.0 0.0 0.0]  final_magmoms=[ 4.152e+00  4.206e+00  4.212e+00  4.215e+00  4.210e+00  4.260e+00 -4.254e+00 -4.208e+00 -4.210e+00 -4.160e+00 -4.206e+00 -4.219e+00 -6.900e-02  1.860e-01 -3.200e-02  1.000e-03 -1.310e-01  4.400e-02 -6.900e-02  1.860e-01 -3.200e-02  1.000e-03 -1.310e-01  4.400e-02 -6.900e-02  1.860e-01 -3.200e-02 -1.310e-01  1.000e-03  4.400e-02]
afm90          411     relax=converged     singlepoint=converged     Fe12O18       P-3c1       energy=-204.79534599
          initial_magmoms=[4.0 4.0 4.0 4.0 4.0 4.0 -4.0 -4.0 -4.0 -4.0 -4.0 -4.0 0.0 0.0 0.0 0.0 0.0 0.0 0.0 0.0 0.0 0.0 0.0 0.0 0.0 0.0 0.0 0.0 0.0 0.0]  final_magmoms=[ 4.256  4.199  4.212  4.256  4.199  4.212 -4.199 -4.212 -4.256 -4.199 -4.256 -4.212 -0.171 -0.171  0.171 -0.     0.171 -0.    -0.171 -0.171  0.171  0.     0.171  0.    -0.171 -0.171  0.171  0.171  0.    -0.   ]
afm46          408     relax=converged     singlepoint=converged     Fe12O18       P-3         energy=-204.76699271
          initial_magmoms=[4.0 4.0 4.0 4.0 4.0 4.0 -4.0 -4.0 -4.0 -4.0 -4.0 -4.0 0.0 0.0 0.0 0.0 0.0 0.0 0.0 0.0 0.0 0.0 0.0 0.0 0.0 0.0 0.0 0.0 0.0 0.0]  final_magmoms=[ 4.217  4.239  4.211  4.211  4.191  4.256 -4.239 -4.211 -4.217 -4.256 -4.191 -4.211 -0.043 -0.014 -0.059  0.014  0.059  0.043 -0.043 -0.014 -0.059  0.014  0.059  0.043 -0.043 -0.014 -0.059  0.059  0.014  0.043]
afm51          405     relax=converged     singlepoint=converged     Fe12O18       P3          energy=-204.85033411
          initial_magmoms=[4.0 4.0 4.0 4.0 4.0 4.0 -4.0 -4.0 -4.0 -4.0 -4.0 -4.0 0.0 0.0 0.0 0.0 0.0 0.0 0.0 0.0 0.0 0.0 0.0 0.0 0.0 0.0 0.0 0.0 0.0 0.0]  final_magmoms=[ 4.196  4.26   4.183  4.2    4.207  4.262 -4.151 -4.308 -4.187 -4.245 -4.198 -4.22  -0.206  0.14   0.11   0.082 -0.011 -0.114 -0.206  0.14   0.11   0.082 -0.011 -0.114 -0.206  0.14   0.11  -0.011  0.082 -0.114]
afm68          402     relax=converged     singlepoint=converged     Fe12O18       P-3c1       energy=-204.04309864
          initial_magmoms=[4.0 4.0 4.0 4.0 4.0 4.0 -4.0 -4.0 -4.0 -4.0 -4.0 -4.0 0.0 0.0 0.0 0.0 0.0 0.0 0.0 0.0 0.0 0.0 0.0 0.0 0.0 0.0 0.0 0.0 0.0 0.0]  final_magmoms=[ 4.274  4.274  4.209  4.209  4.322  4.322 -4.322 -4.322 -4.274 -4.274 -4.209 -4.209  0.    -0.    -0.353  0.353  0.353 -0.353  0.    -0.    -0.353  0.353  0.353 -0.353  0.     0.    -0.353  0.353  0.353 -0.353]
afm18          396     relax=converged     singlepoint=converged     Fe12O18       P3c1        energy=-204.76719397
          initial_magmoms=[4.0 4.0 4.0 4.0 4.0 4.0 -4.0 -4.0 -4.0 -4.0 -4.0 -4.0 0.0 0.0 0.0 0.0 0.0 0.0 0.0 0.0 0.0 0.0 0.0 0.0 0.0 0.0 0.0 0.0 0.0 0.0]  final_magmoms=[ 4.215  4.249  4.148  4.215  4.257  4.249 -4.257 -4.249 -4.249 -4.215 -4.148 -4.215 -0.187  0.187 -0.055  0.136  0.055 -0.136 -0.187  0.187 -0.055  0.136  0.055 -0.136 -0.187  0.187 -0.055  0.055  0.136 -0.136]
afm33          393     relax=converged     singlepoint=converged     Fe12O18       P3          energy=-204.88311563
          initial_magmoms=[4.0 4.0 4.0 4.0 4.0 4.0 -4.0 -4.0 -4.0 -4.0 -4.0 -4.0 0.0 0.0 0.0 0.0 0.0 0.0 0.0 0.0 0.0 0.0 0.0 0.0 0.0 0.0 0.0 0.0 0.0 0.0]  final_magmoms=[ 4.152  4.192  4.214  4.244  4.257  4.228 -4.229 -4.25  -4.188 -4.202 -4.206 -4.215 -0.055  0.     0.122 -0.12  -0.135  0.188 -0.055  0.     0.122 -0.12  -0.135  0.188 -0.055  0.     0.122 -0.135 -0.12   0.188]
afm25          399     relax=converged     singlepoint=converged     Fe12O18       P-3         energy=-204.73858878
          initial_magmoms=[4.0 4.0 4.0 4.0 4.0 4.0 -4.0 -4.0 -4.0 -4.0 -4.0 -4.0 0.0 0.0 0.0 0.0 0.0 0.0 0.0 0.0 0.0 0.0 0.0 0.0 0.0 0.0 0.0 0.0 0.0 0.0]  final_magmoms=[ 4.207  4.216  4.216  4.207  4.25   4.25  -4.26  -4.26  -4.257 -4.257 -4.151 -4.151  0.134 -0.188 -0.188  0.053  0.134  0.053  0.134 -0.188 -0.188  0.053  0.134  0.053  0.134 -0.188 -0.188  0.134  0.053  0.053]
afm34          390     relax=converged     singlepoint=converged     Fe12O18       P321        energy=-204.75571878
          initial_magmoms=[4.0 4.0 4.0 4.0 4.0 4.0 -4.0 -4.0 -4.0 -4.0 -4.0 -4.0 0.0 0.0 0.0 0.0 0.0 0.0 0.0 0.0 0.0 0.0 0.0 0.0 0.0 0.0 0.0 0.0 0.0 0.0]  final_magmoms=[ 4.197  4.214  4.215  4.202  4.259  4.251 -4.259 -4.251 -4.202 -4.215 -4.197 -4.214 -0.044 -0.184 -0.     0.044  0.     0.184 -0.044 -0.184  0.     0.044  0.     0.184 -0.044 -0.184 -0.     0.     0.044  0.184]
afm57          384     relax=converged     singlepoint=converged     Fe12O18       P3          energy=-204.4448583
          initial_magmoms=[4.0 4.0 4.0 4.0 4.0 4.0 -4.0 -4.0 -4.0 -4.0 -4.0 -4.0 0.0 0.0 0.0 0.0 0.0 0.0 0.0 0.0 0.0 0.0 0.0 0.0 0.0 0.0 0.0 0.0 0.0 0.0]  final_magmoms=[ 4.257  4.311  4.147  4.199  4.263  4.257 -4.197 -4.255 -4.259 -4.247 -4.261 -4.211 -0.176  0.012 -0.082  0.205  0.178 -0.138 -0.176  0.012 -0.082  0.205  0.178 -0.138 -0.176  0.012 -0.082  0.178  0.205 -0.138]
afm4           387     relax=converged     singlepoint=converged     Fe12O18       P3          energy=-205.42130817
          initial_magmoms=[4.0 4.0 4.0 4.0 4.0 4.0 -4.0 -4.0 -4.0 -4.0 -4.0 -4.0 0.0 0.0 0.0 0.0 0.0 0.0 0.0 0.0 0.0 0.0 0.0 0.0 0.0 0.0 0.0 0.0 0.0 0.0]  final_magmoms=[ 4.162e+00  4.205e+00  4.151e+00  4.215e+00  4.162e+00  4.258e+00 -4.250e+00 -4.206e+00 -4.217e+00 -4.159e+00 -4.162e+00 -4.164e+00 -5.000e-03  1.830e-01 -5.500e-02  7.000e-03 -1.000e-03 -1.290e-01 -5.000e-03  1.830e-01 -5.500e-02  7.000e-03 -1.000e-03 -1.290e-01 -5.000e-03  1.830e-01 -5.500e-02 -1.000e-03  7.000e-03 -1.290e-01]
afm78          375     relax=converged     singlepoint=converged     Fe12O18       P3          energy=-204.83607945
          initial_magmoms=[4.0 4.0 4.0 4.0 4.0 4.0 -4.0 -4.0 -4.0 -4.0 -4.0 -4.0 0.0 0.0 0.0 0.0 0.0 0.0 0.0 0.0 0.0 0.0 0.0 0.0 0.0 0.0 0.0 0.0 0.0 0.0]  final_magmoms=[ 4.189e+00  4.214e+00  4.271e+00  4.209e+00  4.272e+00  4.188e+00 -4.220e+00 -4.240e+00 -4.203e+00 -4.312e+00 -4.158e+00 -4.198e+00 -3.800e-02  3.400e-01  4.000e-03  1.000e-02 -1.180e-01 -2.010e-01 -3.800e-02  3.400e-01  4.000e-03  1.000e-02 -1.180e-01 -2.010e-01 -3.800e-02  3.400e-01  4.000e-03 -1.180e-01  1.000e-02 -2.010e-01]
afm73          381     relax=converged     singlepoint=converged     Fe12O18       P3          energy=-204.41033135
          initial_magmoms=[4.0 4.0 4.0 4.0 4.0 4.0 -4.0 -4.0 -4.0 -4.0 -4.0 -4.0 0.0 0.0 0.0 0.0 0.0 0.0 0.0 0.0 0.0 0.0 0.0 0.0 0.0 0.0 0.0 0.0 0.0 0.0]  final_magmoms=[ 4.260e+00  4.274e+00  4.209e+00  4.146e+00  4.316e+00  4.264e+00 -4.257e+00 -4.214e+00 -4.271e+00 -4.270e+00 -4.209e+00 -4.249e+00 -5.400e-02  2.000e-03 -3.460e-01  3.450e-01  1.940e-01 -1.420e-01 -5.400e-02  2.000e-03 -3.460e-01  3.450e-01  1.940e-01 -1.420e-01 -5.400e-02  2.000e-03 -3.460e-01  1.940e-01  3.450e-01 -1.420e-01]
afm56          372     relax=converged     singlepoint=converged     Fe12O18       P321        energy=-204.5546225
          initial_magmoms=[4.0 4.0 4.0 4.0 4.0 4.0 -4.0 -4.0 -4.0 -4.0 -4.0 -4.0 0.0 0.0 0.0 0.0 0.0 0.0 0.0 0.0 0.0 0.0 0.0 0.0 0.0 0.0 0.0 0.0 0.0 0.0]  final_magmoms=[ 4.262  4.197  4.233  4.19   4.261  4.241 -4.261 -4.19  -4.241 -4.233 -4.262 -4.197  0.017 -0.072 -0.017  0.     0.072 -0.     0.017 -0.072 -0.017 -0.     0.072  0.     0.017 -0.072 -0.017  0.072  0.    -0.   ]
afm77          378     relax=converged     singlepoint=converged     Fe12O18       P3          energy=-204.41033006
          initial_magmoms=[4.0 4.0 4.0 4.0 4.0 4.0 -4.0 -4.0 -4.0 -4.0 -4.0 -4.0 0.0 0.0 0.0 0.0 0.0 0.0 0.0 0.0 0.0 0.0 0.0 0.0 0.0 0.0 0.0 0.0 0.0 0.0]  final_magmoms=[ 4.214e+00  4.257e+00  4.271e+00  4.209e+00  4.270e+00  4.249e+00 -4.274e+00 -4.260e+00 -4.209e+00 -4.316e+00 -4.146e+00 -4.264e+00 -1.940e-01  3.460e-01 -2.000e-03  1.420e-01  5.400e-02 -3.450e-01 -1.940e-01  3.460e-01 -2.000e-03  1.420e-01  5.400e-02 -3.450e-01 -1.940e-01  3.460e-01 -2.000e-03  5.400e-02  1.420e-01 -3.450e-01]
afm72          369     relax=converged     singlepoint=converged     Fe12O18       P-3         energy=-205.1844307
          initial_magmoms=[4.0 4.0 4.0 4.0 4.0 4.0 -4.0 -4.0 -4.0 -4.0 -4.0 -4.0 0.0 0.0 0.0 0.0 0.0 0.0 0.0 0.0 0.0 0.0 0.0 0.0 0.0 0.0 0.0 0.0 0.0 0.0]  final_magmoms=[ 4.189e+00  4.203e+00  4.210e+00  4.158e+00  4.257e+00  4.199e+00 -4.203e+00 -4.189e+00 -4.210e+00 -4.257e+00 -4.158e+00 -4.199e+00  1.070e-01  1.720e-01 -1.720e-01 -1.000e-03 -1.070e-01  1.000e-03  1.070e-01  1.720e-01 -1.720e-01 -1.000e-03 -1.070e-01  1.000e-03  1.070e-01  1.720e-01 -1.720e-01 -1.070e-01 -1.000e-03  1.000e-03]
afm60          366     relax=converged     singlepoint=converged     Fe12O18       P-3         energy=-205.57590262
          initial_magmoms=[4.0 4.0 4.0 4.0 4.0 4.0 -4.0 -4.0 -4.0 -4.0 -4.0 -4.0 0.0 0.0 0.0 0.0 0.0 0.0 0.0 0.0 0.0 0.0 0.0 0.0 0.0 0.0 0.0 0.0 0.0 0.0]  final_magmoms=[ 4.162  4.162  4.199  4.199  4.187  4.187 -4.198 -4.198 -4.188 -4.16  -4.16  -4.188  0.106  0.106 -0.112  0.006  0.006 -0.112  0.106  0.106 -0.112  0.006  0.006 -0.112  0.106  0.106 -0.112  0.006  0.006 -0.112]
afm48          363     relax=converged     singlepoint=converged     Fe12O18       P-3         energy=-204.37689987
          initial_magmoms=[4.0 4.0 4.0 4.0 4.0 4.0 -4.0 -4.0 -4.0 -4.0 -4.0 -4.0 0.0 0.0 0.0 0.0 0.0 0.0 0.0 0.0 0.0 0.0 0.0 0.0 0.0 0.0 0.0 0.0 0.0 0.0]  final_magmoms=[ 4.262  4.257  4.209  4.208  4.254  4.256 -4.257 -4.209 -4.262 -4.256 -4.254 -4.208 -0.031 -0.175 -0.191  0.175  0.191  0.031 -0.031 -0.175 -0.191  0.175  0.191  0.031 -0.031 -0.175 -0.191  0.191  0.175  0.031]
afm7           357     relax=converged     singlepoint=converged     Fe12O18       P321        energy=-205.10441068
          initial_magmoms=[4.0 4.0 4.0 4.0 4.0 4.0 -4.0 -4.0 -4.0 -4.0 -4.0 -4.0 0.0 0.0 0.0 0.0 0.0 0.0 0.0 0.0 0.0 0.0 0.0 0.0 0.0 0.0 0.0 0.0 0.0 0.0]  final_magmoms=[ 4.209  4.163  4.199  4.158  4.222  4.307 -4.307 -4.199 -4.222 -4.209 -4.163 -4.158  0.201 -0.006 -0.201 -0.     0.006  0.     0.201 -0.006 -0.201  0.     0.006 -0.     0.201 -0.006 -0.201  0.006  0.    -0.   ]
afm74          360     relax=converged     singlepoint=converged     Fe12O18       P3          energy=-204.83607916
          initial_magmoms=[4.0 4.0 4.0 4.0 4.0 4.0 -4.0 -4.0 -4.0 -4.0 -4.0 -4.0 0.0 0.0 0.0 0.0 0.0 0.0 0.0 0.0 0.0 0.0 0.0 0.0 0.0 0.0 0.0 0.0 0.0 0.0]  final_magmoms=[ 4.240e+00  4.220e+00  4.203e+00  4.158e+00  4.312e+00  4.198e+00 -4.214e+00 -4.189e+00 -4.271e+00 -4.272e+00 -4.209e+00 -4.188e+00  1.180e-01 -4.000e-03 -3.400e-01  2.010e-01  3.800e-02 -1.000e-02  1.180e-01 -4.000e-03 -3.400e-01  2.010e-01  3.800e-02 -1.000e-02  1.180e-01 -4.000e-03 -3.400e-01  3.800e-02  2.010e-01 -1.000e-02]
afm19          354     relax=converged     singlepoint=converged     Fe12O18       P3          energy=-204.87664114
          initial_magmoms=[4.0 4.0 4.0 4.0 4.0 4.0 -4.0 -4.0 -4.0 -4.0 -4.0 -4.0 0.0 0.0 0.0 0.0 0.0 0.0 0.0 0.0 0.0 0.0 0.0 0.0 0.0 0.0 0.0 0.0 0.0 0.0]  final_magmoms=[ 4.192e+00  4.206e+00  4.191e+00  4.214e+00  4.259e+00  4.231e+00 -4.230e+00 -4.252e+00 -4.240e+00 -4.215e+00 -4.160e+00 -4.200e+00 -1.000e-02  1.840e-01 -4.500e-02  2.000e-03 -1.170e-01 -1.300e-02 -1.000e-02  1.840e-01 -4.500e-02  2.000e-03 -1.170e-01 -1.300e-02 -1.000e-02  1.840e-01 -4.500e-02 -1.170e-01  2.000e-03 -1.300e-02]
afm8           351     relax=converged     singlepoint=converged     Fe12O18       P3          energy=-205.14715262
          initial_magmoms=[4.0 4.0 4.0 4.0 4.0 4.0 -4.0 -4.0 -4.0 -4.0 -4.0 -4.0 0.0 0.0 0.0 0.0 0.0 0.0 0.0 0.0 0.0 0.0 0.0 0.0 0.0 0.0 0.0 0.0 0.0 0.0]  final_magmoms=[ 4.151e+00  4.163e+00  4.257e+00  4.199e+00  4.215e+00  4.236e+00 -4.254e+00 -4.188e+00 -4.190e+00 -4.164e+00 -4.205e+00 -4.218e+00 -6.700e-02  1.160e-01  2.300e-02 -1.000e-03 -1.290e-01  5.700e-02 -6.700e-02  1.160e-01  2.300e-02 -1.000e-03 -1.290e-01  5.700e-02 -6.700e-02  1.160e-01  2.300e-02 -1.290e-01 -1.000e-03  5.700e-02]
afm54          348     relax=converged     singlepoint=converged     Fe12O18       P3          energy=-204.49142333
          initial_magmoms=[4.0 4.0 4.0 4.0 4.0 4.0 -4.0 -4.0 -4.0 -4.0 -4.0 -4.0 0.0 0.0 0.0 0.0 0.0 0.0 0.0 0.0 0.0 0.0 0.0 0.0 0.0 0.0 0.0 0.0 0.0 0.0]  final_magmoms=[ 4.257  4.261  4.186  4.19   4.256  4.254 -4.213 -4.254 -4.235 -4.241 -4.253 -4.211 -0.175 -0.044 -0.023  0.187  0.177 -0.123 -0.175 -0.044 -0.023  0.187  0.177 -0.123 -0.175 -0.044 -0.023  0.177  0.187 -0.123]
afm65          345     relax=converged     singlepoint=converged     Fe12O18       P3          energy=-204.40865602
          initial_magmoms=[4.0 4.0 4.0 4.0 4.0 4.0 -4.0 -4.0 -4.0 -4.0 -4.0 -4.0 0.0 0.0 0.0 0.0 0.0 0.0 0.0 0.0 0.0 0.0 0.0 0.0 0.0 0.0 0.0 0.0 0.0 0.0]  final_magmoms=[ 4.208  4.265  4.258  4.16   4.255  4.311 -4.314 -4.26  -4.275 -4.258 -4.152 -4.215 -0.009  0.177 -0.181  0.216  0.147 -0.345 -0.009  0.177 -0.181  0.216  0.147 -0.345 -0.009  0.177 -0.181  0.147  0.216 -0.345]
afm79          339     relax=converged     singlepoint=converged     Fe12O18       P-3         energy=-204.14911684
          initial_magmoms=[4.0 4.0 4.0 4.0 4.0 4.0 -4.0 -4.0 -4.0 -4.0 -4.0 -4.0 0.0 0.0 0.0 0.0 0.0 0.0 0.0 0.0 0.0 0.0 0.0 0.0 0.0 0.0 0.0 0.0 0.0 0.0]  final_magmoms=[ 4.256  4.273  4.251  4.181  4.314  4.26  -4.273 -4.256 -4.251 -4.314 -4.181 -4.26  -0.183  0.118 -0.118  0.351  0.183 -0.351 -0.183  0.118 -0.118  0.351  0.183 -0.351 -0.183  0.118 -0.118  0.183  0.351 -0.351]
afm13          342     relax=converged     singlepoint=converged     Fe12O18       P3          energy=-204.83904713
          initial_magmoms=[4.0 4.0 4.0 4.0 4.0 4.0 -4.0 -4.0 -4.0 -4.0 -4.0 -4.0 0.0 0.0 0.0 0.0 0.0 0.0 0.0 0.0 0.0 0.0 0.0 0.0 0.0 0.0 0.0 0.0 0.0 0.0]  final_magmoms=[ 4.15   4.213  4.182  4.271  4.25   4.27  -4.309 -4.18  -4.247 -4.159 -4.207 -4.223 -0.218  0.346  0.118  0.009 -0.145 -0.113 -0.218  0.346  0.118  0.009 -0.145 -0.113 -0.218  0.346  0.118 -0.145  0.009 -0.113]
afm47          333     relax=converged     singlepoint=converged     Fe12O18       P3          energy=-204.89408577
          initial_magmoms=[4.0 4.0 4.0 4.0 4.0 4.0 -4.0 -4.0 -4.0 -4.0 -4.0 -4.0 0.0 0.0 0.0 0.0 0.0 0.0 0.0 0.0 0.0 0.0 0.0 0.0 0.0 0.0 0.0 0.0 0.0 0.0]  final_magmoms=[ 4.187  4.191  4.258  4.213  4.19   4.242 -4.235 -4.184 -4.213 -4.253 -4.2   -4.2    0.113 -0.023 -0.046 -0.123 -0.11   0.189  0.113 -0.023 -0.046 -0.123 -0.11   0.189  0.113 -0.023 -0.046 -0.11  -0.123  0.189]
afm42          336     relax=converged     singlepoint=converged     Fe12O18       P-3c1       energy=-204.73995716
          initial_magmoms=[4.0 4.0 4.0 4.0 4.0 4.0 -4.0 -4.0 -4.0 -4.0 -4.0 -4.0 0.0 0.0 0.0 0.0 0.0 0.0 0.0 0.0 0.0 0.0 0.0 0.0 0.0 0.0 0.0 0.0 0.0 0.0]  final_magmoms=[ 4.197  4.216  4.254  4.216  4.197  4.254 -4.216 -4.254 -4.197 -4.254 -4.197 -4.216 -0.056 -0.056  0.     0.056  0.     0.056 -0.056 -0.056 -0.     0.056 -0.     0.056 -0.056 -0.056  0.    -0.     0.056  0.056]
afm83          330     relax=converged     singlepoint=converged     Fe12O18       P-3         energy=-204.80390614
          initial_magmoms=[4.0 4.0 4.0 4.0 4.0 4.0 -4.0 -4.0 -4.0 -4.0 -4.0 -4.0 0.0 0.0 0.0 0.0 0.0 0.0 0.0 0.0 0.0 0.0 0.0 0.0 0.0 0.0 0.0 0.0 0.0 0.0]  final_magmoms=[ 4.183  4.26   4.208  4.214  4.209  4.244 -4.26  -4.183 -4.208 -4.209 -4.214 -4.244  0.112  0.033 -0.033 -0.193 -0.112  0.193  0.112  0.033 -0.033 -0.193 -0.112  0.193  0.112  0.033 -0.033 -0.112 -0.193  0.193]
afm62          327     relax=converged     singlepoint=converged     Fe12O18       P3          energy=-204.83055842
          initial_magmoms=[4.0 4.0 4.0 4.0 4.0 4.0 -4.0 -4.0 -4.0 -4.0 -4.0 -4.0 0.0 0.0 0.0 0.0 0.0 0.0 0.0 0.0 0.0 0.0 0.0 0.0 0.0 0.0 0.0 0.0 0.0 0.0]  final_magmoms=[ 4.209e+00  4.223e+00  4.205e+00  4.200e+00  4.182e+00  4.309e+00 -4.250e+00 -4.270e+00 -4.271e+00 -4.209e+00 -4.151e+00 -4.186e+00  1.100e-01 -4.000e-03 -3.450e-01  2.120e-01  1.520e-01 -1.210e-01  1.100e-01 -4.000e-03 -3.450e-01  2.120e-01  1.520e-01 -1.210e-01  1.100e-01 -4.000e-03 -3.450e-01  1.520e-01  2.120e-01 -1.210e-01]
afm30          318     relax=converged     singlepoint=converged     Fe12O18       P3          energy=-204.83286544
          initial_magmoms=[4.0 4.0 4.0 4.0 4.0 4.0 -4.0 -4.0 -4.0 -4.0 -4.0 -4.0 0.0 0.0 0.0 0.0 0.0 0.0 0.0 0.0 0.0 0.0 0.0 0.0 0.0 0.0 0.0 0.0 0.0 0.0]  final_magmoms=[ 4.209e+00  4.152e+00  4.242e+00  4.221e+00  4.189e+00  4.310e+00 -4.260e+00 -4.238e+00 -4.191e+00 -4.265e+00 -4.206e+00 -4.159e+00  2.010e-01 -8.300e-02 -1.700e-02 -1.330e-01  2.000e-03  2.800e-02  2.010e-01 -8.300e-02 -1.700e-02 -1.330e-01  2.000e-03  2.800e-02  2.010e-01 -8.300e-02 -1.700e-02  2.000e-03 -1.330e-01  2.800e-02]
afm63          321     relax=converged     singlepoint=converged     Fe12O18       P3          energy=-204.83904705
          initial_magmoms=[4.0 4.0 4.0 4.0 4.0 4.0 -4.0 -4.0 -4.0 -4.0 -4.0 -4.0 0.0 0.0 0.0 0.0 0.0 0.0 0.0 0.0 0.0 0.0 0.0 0.0 0.0 0.0 0.0 0.0 0.0 0.0]  final_magmoms=[ 4.223  4.207  4.159  4.247  4.18   4.309 -4.25  -4.27  -4.271 -4.213 -4.15  -4.182  0.113 -0.009 -0.346  0.145  0.218 -0.118  0.113 -0.009 -0.346  0.145  0.218 -0.118  0.113 -0.009 -0.346  0.218  0.145 -0.118]
afm21          315     relax=converged     singlepoint=converged     Fe12O18       P321        energy=-204.56110212
          initial_magmoms=[4.0 4.0 4.0 4.0 4.0 4.0 -4.0 -4.0 -4.0 -4.0 -4.0 -4.0 0.0 0.0 0.0 0.0 0.0 0.0 0.0 0.0 0.0 0.0 0.0 0.0 0.0 0.0 0.0 0.0 0.0 0.0]  final_magmoms=[ 4.244  4.221  4.19   4.204  4.31   4.231 -4.231 -4.31  -4.244 -4.221 -4.204 -4.19  -0.    -0.    -0.202  0.202  0.029 -0.029 -0.    -0.    -0.202  0.202  0.029 -0.029 -0.     0.    -0.202  0.029  0.202 -0.029]
afm82          312     relax=converged     singlepoint=converged     Fe12O18       R-3c        energy=-204.97304964
          initial_magmoms=[4.0 4.0 4.0 4.0 4.0 4.0 -4.0 -4.0 -4.0 -4.0 -4.0 -4.0 0.0 0.0 0.0 0.0 0.0 0.0 0.0 0.0 0.0 0.0 0.0 0.0 0.0 0.0 0.0 0.0 0.0 0.0]  final_magmoms=[ 4.212  4.212  4.212  4.212  4.212  4.212 -4.212 -4.212 -4.212 -4.212 -4.212 -4.212 -0.045  0.045 -0.045 -0.045  0.045  0.045 -0.045  0.045 -0.045 -0.045  0.045  0.045 -0.045  0.045 -0.045  0.045 -0.045  0.045]
afm3           324     relax=converged     singlepoint=converged     Fe12O18       P321        energy=-205.55000667
          initial_magmoms=[4.0 4.0 4.0 4.0 4.0 4.0 -4.0 -4.0 -4.0 -4.0 -4.0 -4.0 0.0 0.0 0.0 0.0 0.0 0.0 0.0 0.0 0.0 0.0 0.0 0.0 0.0 0.0 0.0 0.0 0.0 0.0]  final_magmoms=[ 4.16   4.163  4.192  4.2    4.162  4.228 -4.228 -4.2   -4.192 -4.162 -4.16  -4.163 -0.006  0.115 -0.     0.006 -0.    -0.115 -0.006  0.115 -0.     0.006 -0.    -0.115 -0.006  0.115  0.    -0.     0.006 -0.115]
afm43          309     relax=converged     singlepoint=converged     Fe12O18       P321        energy=-204.73501973
          initial_magmoms=[4.0 4.0 4.0 4.0 4.0 4.0 -4.0 -4.0 -4.0 -4.0 -4.0 -4.0 0.0 0.0 0.0 0.0 0.0 0.0 0.0 0.0 0.0 0.0 0.0 0.0 0.0 0.0 0.0 0.0 0.0 0.0]  final_magmoms=[ 4.216e+00  4.196e+00  4.254e+00  4.216e+00  4.196e+00  4.254e+00 -4.261e+00 -4.210e+00 -4.198e+00 -4.261e+00 -4.198e+00 -4.210e+00 -4.000e-02 -7.100e-02 -3.000e-03 -3.000e-03  5.900e-02  5.900e-02 -4.000e-02 -7.100e-02 -3.000e-03 -3.000e-03  5.900e-02  5.900e-02 -4.000e-02 -7.100e-02 -3.000e-03  5.900e-02 -3.000e-03  5.900e-02]
afm28          306     relax=converged     singlepoint=converged     Fe12O18       P-3         energy=-205.57590105
          initial_magmoms=[4.0 4.0 4.0 4.0 4.0 4.0 -4.0 -4.0 -4.0 -4.0 -4.0 -4.0 0.0 0.0 0.0 0.0 0.0 0.0 0.0 0.0 0.0 0.0 0.0 0.0 0.0 0.0 0.0 0.0 0.0 0.0]  final_magmoms=[ 4.16   4.188  4.188  4.16   4.198  4.198 -4.187 -4.187 -4.199 -4.199 -4.162 -4.162 -0.006  0.112  0.112 -0.106 -0.006 -0.106 -0.006  0.112  0.112 -0.106 -0.006 -0.106 -0.006  0.112  0.112 -0.006 -0.106 -0.106]
afm24          300     relax=converged     singlepoint=converged     Fe12O18       P3          energy=-205.14715264
          initial_magmoms=[4.0 4.0 4.0 4.0 4.0 4.0 -4.0 -4.0 -4.0 -4.0 -4.0 -4.0 0.0 0.0 0.0 0.0 0.0 0.0 0.0 0.0 0.0 0.0 0.0 0.0 0.0 0.0 0.0 0.0 0.0 0.0]  final_magmoms=[ 4.164e+00  4.190e+00  4.218e+00  4.205e+00  4.254e+00  4.188e+00 -4.236e+00 -4.215e+00 -4.257e+00 -4.199e+00 -4.163e+00 -4.151e+00  1.290e-01 -2.300e-02 -5.700e-02 -1.160e-01  1.000e-03  6.700e-02  1.290e-01 -2.300e-02 -5.700e-02 -1.160e-01  1.000e-03  6.700e-02  1.290e-01 -2.300e-02 -5.700e-02  1.000e-03 -1.160e-01  6.700e-02]
afm80          294     relax=converged     singlepoint=converged     Fe12O18       P-3         energy=-204.58559791
          initial_magmoms=[4.0 4.0 4.0 4.0 4.0 4.0 -4.0 -4.0 -4.0 -4.0 -4.0 -4.0 0.0 0.0 0.0 0.0 0.0 0.0 0.0 0.0 0.0 0.0 0.0 0.0 0.0 0.0 0.0 0.0 0.0 0.0]  final_magmoms=[ 4.24   4.22   4.246  4.182  4.31   4.189 -4.22  -4.24  -4.246 -4.31  -4.182 -4.189 -0.028  0.112 -0.112  0.208  0.028 -0.208 -0.028  0.112 -0.112  0.208  0.028 -0.208 -0.028  0.112 -0.112  0.028  0.208 -0.208]
afm67          291     relax=converged     singlepoint=converged     Fe12O18       P-3         energy=-204.77251228
          initial_magmoms=[4.0 4.0 4.0 4.0 4.0 4.0 -4.0 -4.0 -4.0 -4.0 -4.0 -4.0 0.0 0.0 0.0 0.0 0.0 0.0 0.0 0.0 0.0 0.0 0.0 0.0 0.0 0.0 0.0 0.0 0.0 0.0]  final_magmoms=[ 4.204  4.204  4.212  4.212  4.255  4.255 -4.252 -4.252 -4.259 -4.259 -4.159 -4.159  0.171  0.171 -0.176  0.005  0.005 -0.176  0.171  0.171 -0.176  0.005  0.005 -0.176  0.171  0.171 -0.176  0.005  0.005 -0.176]
afm27          303     relax=converged     singlepoint=converged     Fe12O18       P3          energy=-204.40865585
          initial_magmoms=[4.0 4.0 4.0 4.0 4.0 4.0 -4.0 -4.0 -4.0 -4.0 -4.0 -4.0 0.0 0.0 0.0 0.0 0.0 0.0 0.0 0.0 0.0 0.0 0.0 0.0 0.0 0.0 0.0 0.0 0.0 0.0]  final_magmoms=[ 4.215  4.152  4.258  4.275  4.26   4.314 -4.311 -4.255 -4.258 -4.265 -4.208 -4.16   0.345 -0.216 -0.177 -0.147  0.009  0.181  0.345 -0.216 -0.177 -0.147  0.009  0.181  0.345 -0.216 -0.177  0.009 -0.147  0.181]
afm84          297     relax=converged     singlepoint=converged     Fe12O18       P-3         energy=-204.63298421
          initial_magmoms=[4.0 4.0 4.0 4.0 4.0 4.0 -4.0 -4.0 -4.0 -4.0 -4.0 -4.0 0.0 0.0 0.0 0.0 0.0 0.0 0.0 0.0 0.0 0.0 0.0 0.0 0.0 0.0 0.0 0.0 0.0 0.0]  final_magmoms=[ 4.23   4.255  4.187  4.211  4.233  4.242 -4.23  -4.187 -4.255 -4.211 -4.242 -4.233  0.121 -0.121 -0.178 -0.009  0.009  0.178  0.121 -0.121 -0.178 -0.009  0.009  0.178  0.121 -0.121 -0.178  0.009 -0.009  0.178]
afm86          285     relax=converged     singlepoint=converged     Fe12O18       P-3c1       energy=-204.57029503
          initial_magmoms=[4.0 4.0 4.0 4.0 4.0 4.0 -4.0 -4.0 -4.0 -4.0 -4.0 -4.0 0.0 0.0 0.0 0.0 0.0 0.0 0.0 0.0 0.0 0.0 0.0 0.0 0.0 0.0 0.0 0.0 0.0 0.0]  final_magmoms=[ 4.181  4.27   4.25   4.27   4.181  4.25  -4.27  -4.25  -4.181 -4.181 -4.27  -4.25   0.119 -0.119  0.119 -0.352 -0.119  0.352  0.119 -0.119  0.119 -0.352 -0.119  0.352  0.119 -0.119  0.119 -0.119 -0.352  0.352]
afm59          288     relax=converged     singlepoint=converged     Fe12O18       P-3         energy=-204.15163426
          initial_magmoms=[4.0 4.0 4.0 4.0 4.0 4.0 -4.0 -4.0 -4.0 -4.0 -4.0 -4.0 0.0 0.0 0.0 0.0 0.0 0.0 0.0 0.0 0.0 0.0 0.0 0.0 0.0 0.0 0.0 0.0 0.0 0.0]  final_magmoms=[ 4.313  4.257  4.19   4.256  4.262  4.241 -4.257 -4.19  -4.313 -4.241 -4.262 -4.256  0.029 -0.176 -0.206  0.176  0.206 -0.029  0.029 -0.176 -0.206  0.176  0.206 -0.029  0.029 -0.176 -0.206  0.206  0.176 -0.029]
afm6           282     relax=converged     singlepoint=converged     Fe12O18       P3c1        energy=-205.09220409
          initial_magmoms=[4.0 4.0 4.0 4.0 4.0 4.0 -4.0 -4.0 -4.0 -4.0 -4.0 -4.0 0.0 0.0 0.0 0.0 0.0 0.0 0.0 0.0 0.0 0.0 0.0 0.0 0.0 0.0 0.0 0.0 0.0 0.0]  final_magmoms=[ 4.224e+00  4.208e+00  4.151e+00  4.160e+00  4.210e+00  4.309e+00 -4.309e+00 -4.208e+00 -4.224e+00 -4.210e+00 -4.151e+00 -4.160e+00  4.000e-03 -4.000e-03 -2.110e-01  1.470e-01  2.110e-01 -1.470e-01  4.000e-03 -4.000e-03 -2.110e-01  1.470e-01  2.110e-01 -1.460e-01  4.000e-03 -4.000e-03 -2.110e-01  2.110e-01  1.470e-01 -1.460e-01]
afm15          279     relax=converged     singlepoint=converged     Fe12O18       P3          energy=-204.88311584
          initial_magmoms=[4.0 4.0 4.0 4.0 4.0 4.0 -4.0 -4.0 -4.0 -4.0 -4.0 -4.0 0.0 0.0 0.0 0.0 0.0 0.0 0.0 0.0 0.0 0.0 0.0 0.0 0.0 0.0 0.0 0.0 0.0 0.0]  final_magmoms=[ 4.215  4.206  4.188  4.202  4.229  4.25  -4.257 -4.228 -4.244 -4.192 -4.152 -4.214 -0.188  0.12  -0.     0.135  0.055 -0.122 -0.188  0.12  -0.     0.135  0.055 -0.122 -0.188  0.12  -0.     0.055  0.135 -0.122]
fm             273     relax=converged     singlepoint=converged     Fe12O18       R-3c        energy=-202.89002716
          initial_magmoms=[4.0 4.0 4.0 4.0 4.0 4.0 4.0 4.0 4.0 4.0 4.0 4.0 0.0 0.0 0.0 0.0 0.0 0.0 0.0 0.0 0.0 0.0 0.0 0.0 0.0 0.0 0.0 0.0 0.0 0.0]  final_magmoms=[4.328 4.328 4.328 4.328 4.328 4.328 4.328 4.328 4.328 4.328 4.328 4.328 0.372 0.372 0.372 0.372 0.372 0.372 0.372 0.372 0.372 0.372 0.372 0.372 0.372 0.372 0.372 0.372 0.372 0.372]
afm53          267     relax=converged     singlepoint=converged     Fe12O18       P-3         energy=-205.01081978
          initial_magmoms=[4.0 4.0 4.0 4.0 4.0 4.0 -4.0 -4.0 -4.0 -4.0 -4.0 -4.0 0.0 0.0 0.0 0.0 0.0 0.0 0.0 0.0 0.0 0.0 0.0 0.0 0.0 0.0 0.0 0.0 0.0 0.0]  final_magmoms=[ 4.191  4.188  4.23   4.2    4.199  4.233 -4.188 -4.23  -4.191 -4.233 -4.199 -4.2   -0.009  0.112  0.121 -0.112 -0.121  0.009 -0.009  0.112  0.121 -0.112 -0.121  0.009 -0.009  0.112  0.121 -0.121 -0.112  0.009]
afm1           276     relax=converged     singlepoint=converged     Fe12O18       R-3c        energy=-206.08686908
          initial_magmoms=[4.0 4.0 4.0 4.0 4.0 4.0 -4.0 -4.0 -4.0 -4.0 -4.0 -4.0 0.0 0.0 0.0 0.0 0.0 0.0 0.0 0.0 0.0 0.0 0.0 0.0 0.0 0.0 0.0 0.0 0.0 0.0]  final_magmoms=[ 4.161  4.161  4.161  4.161  4.161  4.161 -4.161 -4.161 -4.161 -4.161 -4.161 -4.161 -0.     0.    -0.    -0.    -0.     0.     0.     0.     0.    -0.     0.     0.     0.    -0.    -0.    -0.     0.     0.   ]
afm88          264     relax=converged     singlepoint=converged     Fe12O18       P321        energy=-204.55264089
          initial_magmoms=[4.0 4.0 4.0 4.0 4.0 4.0 -4.0 -4.0 -4.0 -4.0 -4.0 -4.0 0.0 0.0 0.0 0.0 0.0 0.0 0.0 0.0 0.0 0.0 0.0 0.0 0.0 0.0 0.0 0.0 0.0 0.0]  final_magmoms=[ 4.227  4.27   4.209  4.271  4.186  4.252 -4.252 -4.271 -4.186 -4.209 -4.27  -4.227  0.128 -0.346  0.    -0.128 -0.     0.346  0.128 -0.346 -0.    -0.128  0.     0.346  0.128 -0.346  0.     0.    -0.128  0.346]
afm2           261     relax=converged     singlepoint=converged     Fe12O18       P3          energy=-205.42130814
          initial_magmoms=[4.0 4.0 4.0 4.0 4.0 4.0 -4.0 -4.0 -4.0 -4.0 -4.0 -4.0 0.0 0.0 0.0 0.0 0.0 0.0 0.0 0.0 0.0 0.0 0.0 0.0 0.0 0.0 0.0 0.0 0.0 0.0]  final_magmoms=[ 4.164e+00  4.162e+00  4.217e+00  4.159e+00  4.206e+00  4.250e+00 -4.258e+00 -4.215e+00 -4.205e+00 -4.162e+00 -4.162e+00 -4.151e+00  1.290e-01 -7.000e-03 -1.830e-01  1.000e-03  5.000e-03  5.500e-02  1.290e-01 -7.000e-03 -1.830e-01  1.000e-03  5.000e-03  5.500e-02  1.290e-01 -7.000e-03 -1.830e-01  5.000e-03  1.000e-03  5.500e-02]
afm16          258     relax=converged     singlepoint=converged     Fe12O18       P321        energy=-205.00274494
          initial_magmoms=[4.0 4.0 4.0 4.0 4.0 4.0 -4.0 -4.0 -4.0 -4.0 -4.0 -4.0 0.0 0.0 0.0 0.0 0.0 0.0 0.0 0.0 0.0 0.0 0.0 0.0 0.0 0.0 0.0 0.0 0.0 0.0]  final_magmoms=[ 4.191  4.163  4.236  4.199  4.231  4.232 -4.231 -4.232 -4.236 -4.191 -4.163 -4.199 -0.009  0.116  0.009  0.    -0.116 -0.    -0.009  0.116  0.009  0.    -0.116  0.    -0.009  0.116  0.009 -0.116 -0.     0.   ]
afm10          255     relax=converged     singlepoint=converged     Fe12O18       P3          energy=-204.74493918
          initial_magmoms=[4.0 4.0 4.0 4.0 4.0 4.0 -4.0 -4.0 -4.0 -4.0 -4.0 -4.0 0.0 0.0 0.0 0.0 0.0 0.0 0.0 0.0 0.0 0.0 0.0 0.0 0.0 0.0 0.0 0.0 0.0 0.0]  final_magmoms=[ 4.200e+00  4.222e+00  4.208e+00  4.205e+00  4.208e+00  4.309e+00 -4.253e+00 -4.260e+00 -4.216e+00 -4.202e+00 -4.196e+00 -4.217e+00 -6.000e-02  2.000e-03 -1.880e-01  2.010e-01  1.500e-02  2.800e-02 -6.000e-02  2.000e-03 -1.880e-01  2.010e-01  1.500e-02  2.800e-02 -6.000e-02  2.000e-03 -1.880e-01  1.500e-02  2.010e-01  2.800e-02]
afm89          249     relax=converged     singlepoint=converged     Fe12O18       P321        energy=-204.74535049
          initial_magmoms=[4.0 4.0 4.0 4.0 4.0 4.0 -4.0 -4.0 -4.0 -4.0 -4.0 -4.0 0.0 0.0 0.0 0.0 0.0 0.0 0.0 0.0 0.0 0.0 0.0 0.0 0.0 0.0 0.0 0.0 0.0 0.0]  final_magmoms=[ 4.206  4.21   4.272  4.272  4.21   4.206 -4.214 -4.201 -4.261 -4.201 -4.261 -4.214 -0.189  0.008  0.339 -0.189  0.016  0.008 -0.189  0.008  0.339 -0.189  0.016  0.008 -0.189  0.008  0.339  0.016 -0.189  0.008]
afm5           252     relax=converged     singlepoint=converged     Fe12O18       P321        energy=-205.09270357
          initial_magmoms=[4.0 4.0 4.0 4.0 4.0 4.0 -4.0 -4.0 -4.0 -4.0 -4.0 -4.0 0.0 0.0 0.0 0.0 0.0 0.0 0.0 0.0 0.0 0.0 0.0 0.0 0.0 0.0 0.0 0.0 0.0 0.0]  final_magmoms=[ 4.208  4.224  4.15   4.206  4.164  4.31  -4.31  -4.208 -4.224 -4.206 -4.15  -4.164  0.    -0.    -0.213  0.213  0.144 -0.144  0.     0.    -0.213  0.213  0.144 -0.144 -0.    -0.    -0.213  0.144  0.213 -0.144]
afm23          243     relax=converged     singlepoint=converged     Fe12O18       P321        energy=-205.10742159
          initial_magmoms=[4.0 4.0 4.0 4.0 4.0 4.0 -4.0 -4.0 -4.0 -4.0 -4.0 -4.0 0.0 0.0 0.0 0.0 0.0 0.0 0.0 0.0 0.0 0.0 0.0 0.0 0.0 0.0 0.0 0.0 0.0 0.0]  final_magmoms=[ 4.163  4.151  4.264  4.206  4.26   4.196 -4.26  -4.196 -4.264 -4.206 -4.163 -4.151  0.132 -0.083 -0.    -0.132 -0.     0.083  0.132 -0.083  0.    -0.132 -0.     0.083  0.132 -0.083  0.     0.    -0.132  0.083]
afm45          240     relax=converged     singlepoint=converged     Fe12O18       P321        energy=-204.735019
          initial_magmoms=[4.0 4.0 4.0 4.0 4.0 4.0 -4.0 -4.0 -4.0 -4.0 -4.0 -4.0 0.0 0.0 0.0 0.0 0.0 0.0 0.0 0.0 0.0 0.0 0.0 0.0 0.0 0.0 0.0 0.0 0.0 0.0]  final_magmoms=[ 4.198e+00  4.261e+00  4.210e+00  4.210e+00  4.198e+00  4.261e+00 -4.196e+00 -4.254e+00 -4.216e+00 -4.254e+00 -4.196e+00 -4.216e+00 -5.900e-02  3.000e-03 -5.900e-02  7.100e-02  3.000e-03  4.000e-02 -5.900e-02  3.000e-03 -5.900e-02  7.100e-02  3.000e-03  4.000e-02 -5.900e-02  3.000e-03 -5.900e-02  3.000e-03  7.100e-02  4.000e-02]
afm39          237     relax=converged     singlepoint=converged     Fe12O18       P-3c1       energy=-205.00168354
          initial_magmoms=[4.0 4.0 4.0 4.0 4.0 4.0 -4.0 -4.0 -4.0 -4.0 -4.0 -4.0 0.0 0.0 0.0 0.0 0.0 0.0 0.0 0.0 0.0 0.0 0.0 0.0 0.0 0.0 0.0 0.0 0.0 0.0]  final_magmoms=[ 4.192  4.192  4.201  4.201  4.228  4.228 -4.228 -4.228 -4.192 -4.192 -4.201 -4.201  0.     0.     0.121 -0.121 -0.121  0.121 -0.    -0.     0.121 -0.121 -0.121  0.121  0.    -0.     0.121 -0.121 -0.121  0.121]
afm49          246     relax=converged     singlepoint=converged     Fe12O18       P3          energy=-204.49142398
          initial_magmoms=[4.0 4.0 4.0 4.0 4.0 4.0 -4.0 -4.0 -4.0 -4.0 -4.0 -4.0 0.0 0.0 0.0 0.0 0.0 0.0 0.0 0.0 0.0 0.0 0.0 0.0 0.0 0.0 0.0 0.0 0.0 0.0]  final_magmoms=[ 4.235  4.213  4.254  4.211  4.253  4.241 -4.261 -4.186 -4.257 -4.254 -4.256 -4.19   0.123 -0.187 -0.177  0.044  0.023  0.175  0.123 -0.187 -0.177  0.044  0.023  0.175  0.123 -0.187 -0.177  0.023  0.044  0.175]
afm55          234     relax=converged     singlepoint=converged     Fe12O18       P-3         energy=-204.5907831
          initial_magmoms=[4.0 4.0 4.0 4.0 4.0 4.0 -4.0 -4.0 -4.0 -4.0 -4.0 -4.0 0.0 0.0 0.0 0.0 0.0 0.0 0.0 0.0 0.0 0.0 0.0 0.0 0.0 0.0 0.0 0.0 0.0 0.0]  final_magmoms=[ 4.24   4.216  4.233  4.191  4.255  4.234 -4.216 -4.233 -4.24  -4.234 -4.255 -4.191  0.    -0.057 -0.014  0.057  0.014 -0.     0.    -0.057 -0.014  0.057  0.014 -0.     0.    -0.057 -0.014  0.014  0.057 -0.   ]
afm64          228     relax=converged     singlepoint=converged     Fe12O18       P321        energy=-205.09737233
          initial_magmoms=[4.0 4.0 4.0 4.0 4.0 4.0 -4.0 -4.0 -4.0 -4.0 -4.0 -4.0 0.0 0.0 0.0 0.0 0.0 0.0 0.0 0.0 0.0 0.0 0.0 0.0 0.0 0.0 0.0 0.0 0.0 0.0]  final_magmoms=[ 4.214  4.161  4.157  4.273  4.208  4.27  -4.208 -4.27  -4.273 -4.214 -4.161 -4.157  0.339 -0.013 -0.339 -0.     0.013 -0.     0.339 -0.013 -0.339  0.     0.013 -0.     0.339 -0.013 -0.339  0.013 -0.     0.   ]
afm29          225     relax=converged     singlepoint=converged     Fe12O18       P3          energy=-204.83610034
          initial_magmoms=[4.0 4.0 4.0 4.0 4.0 4.0 -4.0 -4.0 -4.0 -4.0 -4.0 -4.0 0.0 0.0 0.0 0.0 0.0 0.0 0.0 0.0 0.0 0.0 0.0 0.0 0.0 0.0 0.0 0.0 0.0 0.0]  final_magmoms=[ 4.221e+00  4.199e+00  4.191e+00  4.209e+00  4.189e+00  4.308e+00 -4.259e+00 -4.237e+00 -4.200e+00 -4.263e+00 -4.198e+00 -4.159e+00  3.000e-03 -7.200e-02 -2.600e-02  1.200e-02  2.010e-01 -1.180e-01  3.000e-03 -7.200e-02 -2.600e-02  1.200e-02  2.010e-01 -1.180e-01  3.000e-03 -7.200e-02 -2.600e-02  2.010e-01  1.200e-02 -1.180e-01]
afm81          222     relax=converged     singlepoint=converged     Fe12O18       P-3c1       energy=-203.72712142
          initial_magmoms=[4.0 4.0 4.0 4.0 4.0 4.0 -4.0 -4.0 -4.0 -4.0 -4.0 -4.0 0.0 0.0 0.0 0.0 0.0 0.0 0.0 0.0 0.0 0.0 0.0 0.0 0.0 0.0 0.0 0.0 0.0 0.0]  final_magmoms=[ 4.255  4.317  4.261  4.255  4.317  4.261 -4.317 -4.255 -4.261 -4.317 -4.255 -4.261 -0.182  0.182 -0.182  0.349  0.182 -0.349 -0.182  0.182 -0.182  0.349  0.182 -0.349 -0.182  0.182 -0.182  0.182  0.349 -0.349]
afm66          231     relax=converged     singlepoint=converged     Fe12O18       P3          energy=-204.42981505
          initial_magmoms=[4.0 4.0 4.0 4.0 4.0 4.0 -4.0 -4.0 -4.0 -4.0 -4.0 -4.0 0.0 0.0 0.0 0.0 0.0 0.0 0.0 0.0 0.0 0.0 0.0 0.0 0.0 0.0 0.0 0.0 0.0 0.0]  final_magmoms=[ 4.223e+00  4.250e+00  4.212e+00  4.206e+00  4.253e+00  4.308e+00 -4.315e+00 -4.260e+00 -4.275e+00 -4.258e+00 -4.147e+00 -4.211e+00 -4.000e-03  1.760e-01 -1.850e-01  1.510e-01  2.120e-01 -3.440e-01 -4.000e-03  1.760e-01 -1.850e-01  1.510e-01  2.120e-01 -3.440e-01 -4.000e-03  1.760e-01 -1.850e-01  2.120e-01  1.510e-01 -3.440e-01]
afm38          210     relax=converged     singlepoint=converged     Fe12O18       P3          energy=-204.8766587
          initial_magmoms=[4.0 4.0 4.0 4.0 4.0 4.0 -4.0 -4.0 -4.0 -4.0 -4.0 -4.0 0.0 0.0 0.0 0.0 0.0 0.0 0.0 0.0 0.0 0.0 0.0 0.0 0.0 0.0 0.0 0.0 0.0 0.0]  final_magmoms=[ 4.215e+00  4.240e+00  4.160e+00  4.200e+00  4.230e+00  4.252e+00 -4.231e+00 -4.259e+00 -4.206e+00 -4.192e+00 -4.191e+00 -4.214e+00 -1.840e-01  1.000e-02  1.170e-01  1.300e-02  4.500e-02 -2.000e-03 -1.840e-01  1.000e-02  1.170e-01  1.300e-02  4.500e-02 -2.000e-03 -1.840e-01  1.000e-02  1.170e-01  4.500e-02  1.300e-02 -2.000e-03]
afm12          219     relax=converged     singlepoint=converged     Fe12O18       P3          energy=-205.18594689
          initial_magmoms=[4.0 4.0 4.0 4.0 4.0 4.0 -4.0 -4.0 -4.0 -4.0 -4.0 -4.0 0.0 0.0 0.0 0.0 0.0 0.0 0.0 0.0 0.0 0.0 0.0 0.0 0.0 0.0 0.0 0.0 0.0 0.0]  final_magmoms=[ 4.188e+00  4.162e+00  4.257e+00  4.157e+00  4.210e+00  4.240e+00 -4.183e+00 -4.255e+00 -4.212e+00 -4.203e+00 -4.163e+00 -4.199e+00  1.120e-01 -4.000e-03 -1.720e-01 -7.000e-03 -1.060e-01  1.780e-01  1.120e-01 -4.000e-03 -1.720e-01 -7.000e-03 -1.060e-01  1.780e-01  1.120e-01 -4.000e-03 -1.720e-01 -1.060e-01 -7.000e-03  1.780e-01]
afm26          213     relax=converged     singlepoint=converged     Fe12O18       P3          energy=-204.43117138
          initial_magmoms=[4.0 4.0 4.0 4.0 4.0 4.0 -4.0 -4.0 -4.0 -4.0 -4.0 -4.0 0.0 0.0 0.0 0.0 0.0 0.0 0.0 0.0 0.0 0.0 0.0 0.0 0.0 0.0 0.0 0.0 0.0 0.0]  final_magmoms=[ 4.221e+00  4.199e+00  4.216e+00  4.252e+00  4.248e+00  4.305e+00 -4.310e+00 -4.260e+00 -4.260e+00 -4.264e+00 -4.200e+00 -4.147e+00  1.350e-01 -2.060e-01 -1.870e-01 -1.000e-03  2.060e-01  5.400e-02  1.350e-01 -2.060e-01 -1.870e-01 -1.000e-03  2.060e-01  5.400e-02  1.350e-01 -2.060e-01 -1.870e-01  2.060e-01 -1.000e-03  5.400e-02]
afm20          216     relax=converged     singlepoint=converged     Fe12O18       P3          energy=-204.42981504
          initial_magmoms=[4.0 4.0 4.0 4.0 4.0 4.0 -4.0 -4.0 -4.0 -4.0 -4.0 -4.0 0.0 0.0 0.0 0.0 0.0 0.0 0.0 0.0 0.0 0.0 0.0 0.0 0.0 0.0 0.0 0.0 0.0 0.0]  final_magmoms=[ 4.258e+00  4.275e+00  4.147e+00  4.211e+00  4.315e+00  4.260e+00 -4.253e+00 -4.308e+00 -4.250e+00 -4.223e+00 -4.206e+00 -4.212e+00 -1.760e-01  4.000e-03 -2.120e-01  3.440e-01  1.850e-01 -1.510e-01 -1.760e-01  4.000e-03 -2.120e-01  3.440e-01  1.850e-01 -1.510e-01 -1.760e-01  4.000e-03 -2.120e-01  1.850e-01  3.440e-01 -1.510e-01]
afm58          201     relax=converged     singlepoint=converged     Fe12O18       P-3c1       energy=-204.55429923
          initial_magmoms=[4.0 4.0 4.0 4.0 4.0 4.0 -4.0 -4.0 -4.0 -4.0 -4.0 -4.0 0.0 0.0 0.0 0.0 0.0 0.0 0.0 0.0 0.0 0.0 0.0 0.0 0.0 0.0 0.0 0.0 0.0 0.0]  final_magmoms=[ 4.262  4.239  4.19   4.19   4.262  4.239 -4.239 -4.19  -4.262 -4.239 -4.262 -4.19   0.017 -0.017 -0.073  0.017  0.073 -0.017  0.017 -0.017 -0.073  0.017  0.073 -0.017  0.017 -0.017 -0.073  0.073  0.017 -0.017]
afm14          204     relax=converged     singlepoint=converged     Fe12O18       P321        energy=-204.57749356
          initial_magmoms=[4.0 4.0 4.0 4.0 4.0 4.0 -4.0 -4.0 -4.0 -4.0 -4.0 -4.0 0.0 0.0 0.0 0.0 0.0 0.0 0.0 0.0 0.0 0.0 0.0 0.0 0.0 0.0 0.0 0.0 0.0 0.0]  final_magmoms=[ 4.199  4.22   4.188  4.247  4.228  4.306 -4.306 -4.228 -4.247 -4.188 -4.199 -4.22  -0.207  0.122 -0.     0.207 -0.    -0.122 -0.207  0.122 -0.     0.207  0.    -0.122 -0.207  0.122 -0.    -0.     0.207 -0.122]
afm87          207     relax=converged     singlepoint=converged     Fe12O18       P321        energy=-204.74535043
          initial_magmoms=[4.0 4.0 4.0 4.0 4.0 4.0 -4.0 -4.0 -4.0 -4.0 -4.0 -4.0 0.0 0.0 0.0 0.0 0.0 0.0 0.0 0.0 0.0 0.0 0.0 0.0 0.0 0.0 0.0 0.0 0.0 0.0]  final_magmoms=[ 4.261  4.214  4.201  4.261  4.201  4.214 -4.21  -4.272 -4.206 -4.21  -4.272 -4.206 -0.016 -0.339 -0.008 -0.008  0.189  0.189 -0.016 -0.339 -0.008 -0.008  0.189  0.189 -0.016 -0.339 -0.008  0.189 -0.008  0.189]
