fm            2227    singlepoint=converged     Fe12O18       R-3c        energy=-202.40848833
          initial_magmoms=[4. 4. 4. 4. 4. 4. 4. 4. 4. 4. 4. 4. 0. 0. 0. 0. 0. 0. 0. 0. 0. 0. 0. 0. 0. 0. 0. 0. 0. 0.]  final_magmoms=[4.338 4.338 4.338 4.338 4.338 4.338 4.338 4.338 4.338 4.338 4.338 4.338 0.372 0.372 0.372 0.372 0.372 0.372 0.372 0.372 0.372 0.372 0.372 0.372 0.372 0.372 0.372 0.372 0.372 0.372]
afm90         2407    singlepoint=converged     Fe12O18       R-3c        energy=-204.47101801
          initial_magmoms=[ 4.  4.  4.  4.  4.  4. -4. -4. -4. -4. -4. -4.  0.  0.  0.  0.  0.  0.  0.  0.  0.  0.  0.  0.  0.  0.  0.  0.  0.  0.]  final_magmoms=[ 4.263  4.199  4.22   4.263  4.199  4.22  -4.199 -4.22  -4.263 -4.199 -4.263 -4.22  -0.196 -0.196  0.196 -0.     0.196 -0.    -0.196 -0.196  0.196 -0.     0.196 -0.    -0.196 -0.196  0.196  0.196  0.     0.   ]
afm89         2405    singlepoint=converged     Fe12O18       R-3c        energy=-204.45160971
          initial_magmoms=[ 4.  4.  4.  4.  4.  4. -4. -4. -4. -4. -4. -4.  0.  0.  0.  0.  0.  0.  0.  0.  0.  0.  0.  0.  0.  0.  0.  0.  0.  0.]  final_magmoms=[ 4.209  4.202  4.275  4.275  4.202  4.209 -4.22  -4.199 -4.267 -4.199 -4.267 -4.22  -0.204  0.006  0.338 -0.204  0.057  0.006 -0.204  0.006  0.338 -0.204  0.057  0.006 -0.204  0.006  0.338  0.057 -0.204  0.006]
afm88         2403    singlepoint=converged     Fe12O18       R-3c        energy=-204.29013324
          initial_magmoms=[ 4.  4.  4.  4.  4.  4. -4. -4. -4. -4. -4. -4.  0.  0.  0.  0.  0.  0.  0.  0.  0.  0.  0.  0.  0.  0.  0.  0.  0.  0.]  final_magmoms=[ 4.236  4.273  4.202  4.277  4.184  4.252 -4.252 -4.277 -4.184 -4.202 -4.273 -4.236  0.135 -0.344 -0.    -0.135 -0.     0.344  0.135 -0.344 -0.    -0.135 -0.     0.344  0.135 -0.344  0.    -0.    -0.135  0.344]
afm87         2401    singlepoint=converged     Fe12O18       R-3c        energy=-204.45161488
          initial_magmoms=[ 4.  4.  4.  4.  4.  4. -4. -4. -4. -4. -4. -4.  0.  0.  0.  0.  0.  0.  0.  0.  0.  0.  0.  0.  0.  0.  0.  0.  0.  0.]  final_magmoms=[ 4.267  4.22   4.199  4.267  4.199  4.22  -4.202 -4.275 -4.209 -4.202 -4.275 -4.209 -0.057 -0.338 -0.006 -0.006  0.204  0.204 -0.057 -0.338 -0.006 -0.006  0.204  0.204 -0.057 -0.338 -0.006  0.204 -0.006  0.204]
afm86         2399    singlepoint=converged     Fe12O18       R-3c        energy=-204.27850726
          initial_magmoms=[ 4.  4.  4.  4.  4.  4. -4. -4. -4. -4. -4. -4.  0.  0.  0.  0.  0.  0.  0.  0.  0.  0.  0.  0.  0.  0.  0.  0.  0.  0.]  final_magmoms=[ 4.186  4.276  4.252  4.276  4.186  4.252 -4.276 -4.252 -4.186 -4.186 -4.276 -4.252  0.128 -0.128  0.128 -0.35  -0.128  0.35   0.128 -0.128  0.128 -0.35  -0.128  0.35   0.128 -0.128  0.128 -0.128 -0.35   0.35 ]
afm85         2397    singlepoint=converged     Fe12O18       R-3c        energy=-204.24555899
          initial_magmoms=[ 4.  4.  4.  4.  4.  4. -4. -4. -4. -4. -4. -4.  0.  0.  0.  0.  0.  0.  0.  0.  0.  0.  0.  0.  0.  0.  0.  0.  0.  0.]  final_magmoms=[ 4.234  4.234  4.234  4.234  4.234  4.234 -4.234 -4.234 -4.234 -4.234 -4.234 -4.234 -0.     0.    -0.     0.    -0.     0.     0.    -0.    -0.     0.    -0.     0.    -0.    -0.    -0.    -0.     0.     0.   ]
afm83         2393    singlepoint=converged     Fe12O18       R-3c        energy=-204.48284241
          initial_magmoms=[ 4.  4.  4.  4.  4.  4. -4. -4. -4. -4. -4. -4.  0.  0.  0.  0.  0.  0.  0.  0.  0.  0.  0.  0.  0.  0.  0.  0.  0.  0.]  final_magmoms=[ 4.187  4.266  4.209  4.222  4.213  4.249 -4.266 -4.187 -4.209 -4.213 -4.222 -4.249  0.122  0.065 -0.065 -0.21  -0.122  0.21   0.122  0.065 -0.065 -0.21  -0.122  0.21   0.122  0.065 -0.065 -0.122 -0.21   0.21 ]
afm84         2395    singlepoint=converged     Fe12O18       R-3c        energy=-204.35198625
          initial_magmoms=[ 4.  4.  4.  4.  4.  4. -4. -4. -4. -4. -4. -4.  0.  0.  0.  0.  0.  0.  0.  0.  0.  0.  0.  0.  0.  0.  0.  0.  0.  0.]  final_magmoms=[ 4.236  4.262  4.184  4.221  4.234  4.248 -4.236 -4.184 -4.262 -4.221 -4.248 -4.234  0.129 -0.129 -0.202 -0.007  0.007  0.202  0.129 -0.129 -0.202 -0.007  0.007  0.202  0.129 -0.129 -0.202  0.007 -0.007  0.202]
afm82         2391    singlepoint=converged     Fe12O18       R-3c        energy=-204.63912149
          initial_magmoms=[ 4.  4.  4.  4.  4.  4. -4. -4. -4. -4. -4. -4.  0.  0.  0.  0.  0.  0.  0.  0.  0.  0.  0.  0.  0.  0.  0.  0.  0.  0.]  final_magmoms=[ 4.214  4.214  4.214  4.214  4.214  4.214 -4.214 -4.214 -4.214 -4.214 -4.214 -4.214 -0.073  0.073 -0.073 -0.073  0.073  0.073 -0.073  0.073 -0.073 -0.073  0.073  0.073 -0.073  0.073 -0.073  0.073 -0.073  0.073]
afm81         2389    singlepoint=converged     Fe12O18       R-3c        energy=-203.26064619
          initial_magmoms=[ 4.  4.  4.  4.  4.  4. -4. -4. -4. -4. -4. -4.  0.  0.  0.  0.  0.  0.  0.  0.  0.  0.  0.  0.  0.  0.  0.  0.  0.  0.]  final_magmoms=[ 4.264  4.331  4.273  4.264  4.331  4.273 -4.331 -4.264 -4.273 -4.331 -4.264 -4.273 -0.209  0.209 -0.209  0.354  0.209 -0.354 -0.209  0.209 -0.209  0.354  0.209 -0.354 -0.209  0.209 -0.209  0.209  0.354 -0.354]
afm80         2387    singlepoint=converged     Fe12O18       R-3c        energy=-204.33268426
          initial_magmoms=[ 4.  4.  4.  4.  4.  4. -4. -4. -4. -4. -4. -4.  0.  0.  0.  0.  0.  0.  0.  0.  0.  0.  0.  0.  0.  0.  0.  0.  0.  0.]  final_magmoms=[ 4.238  4.225  4.249  4.186  4.315  4.182 -4.225 -4.238 -4.249 -4.315 -4.186 -4.182 -0.014  0.123 -0.123  0.217  0.014 -0.217 -0.014  0.123 -0.123  0.217  0.014 -0.217 -0.014  0.123 -0.123  0.014  0.217 -0.217]
afm79         2385    singlepoint=converged     Fe12O18       R-3c        energy=-203.77069091
          initial_magmoms=[ 4.  4.  4.  4.  4.  4. -4. -4. -4. -4. -4. -4.  0.  0.  0.  0.  0.  0.  0.  0.  0.  0.  0.  0.  0.  0.  0.  0.  0.  0.]  final_magmoms=[ 4.264  4.28   4.251  4.186  4.327  4.275 -4.28  -4.264 -4.251 -4.327 -4.186 -4.275 -0.209  0.128 -0.128  0.352  0.209 -0.352 -0.209  0.128 -0.128  0.352  0.209 -0.352 -0.209  0.128 -0.128  0.209  0.352 -0.352]
afm78         2383    singlepoint=converged     Fe12O18       R-3c        energy=-204.6115779
          initial_magmoms=[ 4.  4.  4.  4.  4.  4. -4. -4. -4. -4. -4. -4.  0.  0.  0.  0.  0.  0.  0.  0.  0.  0.  0.  0.  0.  0.  0.  0.  0.  0.]  final_magmoms=[ 4.189  4.207  4.274  4.202  4.275  4.182 -4.223 -4.241 -4.199 -4.316 -4.149 -4.197 -0.021  0.339  0.005  0.009 -0.122 -0.211 -0.021  0.339  0.005  0.009 -0.122 -0.211 -0.021  0.339  0.005 -0.122  0.009 -0.211]
afm77         2381    singlepoint=converged     Fe12O18       R-3c        energy=-204.09236864
          initial_magmoms=[ 4.  4.  4.  4.  4.  4. -4. -4. -4. -4. -4. -4.  0.  0.  0.  0.  0.  0.  0.  0.  0.  0.  0.  0.  0.  0.  0.  0.  0.  0.]  final_magmoms=[ 4.213e+00  4.255e+00  4.277e+00  4.202e+00  4.274e+00  4.263e+00 -4.277e+00 -4.268e+00 -4.201e+00 -4.328e+00 -4.136e+00 -4.276e+00 -2.170e-01  3.440e-01 -1.000e-03  1.420e-01  7.800e-02 -3.460e-01 -2.170e-01  3.440e-01 -1.000e-03  1.420e-01  7.800e-02 -3.460e-01 -2.170e-01  3.440e-01 -1.000e-03  7.800e-02  1.420e-01 -3.460e-01]
afm76         2379    singlepoint=converged     Fe12O18       R-3c        energy=-203.76154251
          initial_magmoms=[ 4.  4.  4.  4.  4.  4. -4. -4. -4. -4. -4. -4.  0.  0.  0.  0.  0.  0.  0.  0.  0.  0.  0.  0.  0.  0.  0.  0.  0.  0.]  final_magmoms=[ 4.185  4.279  4.328  4.201  4.278  4.318 -4.278 -4.318 -4.201 -4.328 -4.185 -4.279 -0.224  0.346  0.     0.224 -0.    -0.346 -0.224  0.346  0.     0.224 -0.    -0.346 -0.224  0.346 -0.    -0.     0.224 -0.346]
afm75         2377    singlepoint=converged     Fe12O18       R-3c        energy=-204.90278366
          initial_magmoms=[ 4.  4.  4.  4.  4.  4. -4. -4. -4. -4. -4. -4.  0.  0.  0.  0.  0.  0.  0.  0.  0.  0.  0.  0.  0.  0.  0.  0.  0.  0.]  final_magmoms=[ 4.27   4.2    4.15   4.15   4.27   4.2   -4.207 -4.141 -4.275 -4.275 -4.207 -4.141  0.128 -0.008 -0.339  0.128  0.1   -0.008  0.128 -0.008 -0.339  0.128  0.1   -0.008  0.128 -0.008 -0.339  0.1    0.128 -0.008]
afm74         2375    singlepoint=converged     Fe12O18       R-3c        energy=-204.61157479
          initial_magmoms=[ 4.  4.  4.  4.  4.  4. -4. -4. -4. -4. -4. -4.  0.  0.  0.  0.  0.  0.  0.  0.  0.  0.  0.  0.  0.  0.  0.  0.  0.  0.]  final_magmoms=[ 4.241  4.223  4.199  4.149  4.316  4.197 -4.207 -4.189 -4.274 -4.275 -4.202 -4.182  0.122 -0.005 -0.339  0.211  0.021 -0.009  0.122 -0.005 -0.339  0.211  0.021 -0.009  0.122 -0.005 -0.339  0.021  0.211 -0.009]
afm73         2373    singlepoint=converged     Fe12O18       R-3c        energy=-204.09235969
          initial_magmoms=[ 4.  4.  4.  4.  4.  4. -4. -4. -4. -4. -4. -4.  0.  0.  0.  0.  0.  0.  0.  0.  0.  0.  0.  0.  0.  0.  0.  0.  0.  0.]  final_magmoms=[ 4.268e+00  4.277e+00  4.201e+00  4.136e+00  4.328e+00  4.276e+00 -4.255e+00 -4.213e+00 -4.277e+00 -4.274e+00 -4.202e+00 -4.263e+00 -7.800e-02  1.000e-03 -3.440e-01  3.460e-01  2.170e-01 -1.420e-01 -7.800e-02  1.000e-03 -3.440e-01  3.460e-01  2.170e-01 -1.420e-01 -7.800e-02  1.000e-03 -3.440e-01  2.170e-01  3.460e-01 -1.420e-01]
afm72         2371    singlepoint=converged     Fe12O18       R-3c        energy=-204.93937323
          initial_magmoms=[ 4.  4.  4.  4.  4.  4. -4. -4. -4. -4. -4. -4.  0.  0.  0.  0.  0.  0.  0.  0.  0.  0.  0.  0.  0.  0.  0.  0.  0.  0.]  final_magmoms=[ 4.193e+00  4.204e+00  4.219e+00  4.149e+00  4.264e+00  4.197e+00 -4.204e+00 -4.193e+00 -4.219e+00 -4.264e+00 -4.149e+00 -4.197e+00  1.150e-01  1.960e-01 -1.960e-01  1.000e-03 -1.150e-01 -1.000e-03  1.150e-01  1.960e-01 -1.960e-01  1.000e-03 -1.150e-01 -1.000e-03  1.150e-01  1.960e-01 -1.960e-01 -1.150e-01  1.000e-03 -1.000e-03]
afm71         2369    singlepoint=converged     Fe12O18       R-3c        energy=-204.46446862
          initial_magmoms=[ 4.  4.  4.  4.  4.  4. -4. -4. -4. -4. -4. -4.  0.  0.  0.  0.  0.  0.  0.  0.  0.  0.  0.  0.  0.  0.  0.  0.  0.  0.]  final_magmoms=[ 4.217  4.252  4.222  4.136  4.262  4.264 -4.252 -4.217 -4.222 -4.262 -4.136 -4.264 -0.086  0.202 -0.202  0.135  0.086 -0.135 -0.086  0.202 -0.202  0.135  0.086 -0.135 -0.086  0.202 -0.202  0.086  0.135 -0.135]
afm70         2367    singlepoint=converged     Fe12O18       R-3c        energy=-205.41177392
          initial_magmoms=[ 4.  4.  4.  4.  4.  4. -4. -4. -4. -4. -4. -4.  0.  0.  0.  0.  0.  0.  0.  0.  0.  0.  0.  0.  0.  0.  0.  0.  0.  0.]  final_magmoms=[ 4.193  4.154  4.196  4.154  4.193  4.196 -4.154 -4.193 -4.196 -4.193 -4.154 -4.196  0.115  0.115 -0.115  0.    -0.115  0.     0.115  0.115 -0.115  0.    -0.115  0.     0.115  0.115 -0.115 -0.115 -0.    -0.   ]
afm69         2365    singlepoint=converged     Fe12O18       R-3c        energy=-204.9027841
          initial_magmoms=[ 4.  4.  4.  4.  4.  4. -4. -4. -4. -4. -4. -4.  0.  0.  0.  0.  0.  0.  0.  0.  0.  0.  0.  0.  0.  0.  0.  0.  0.  0.]  final_magmoms=[ 4.141  4.207  4.275  4.141  4.207  4.275 -4.2   -4.27  -4.15  -4.15  -4.2   -4.27  -0.1    0.339  0.008  0.008 -0.128 -0.128 -0.1    0.339  0.008  0.008 -0.128 -0.128 -0.1    0.339  0.008 -0.128  0.008 -0.128]
afm67         2361    singlepoint=converged     Fe12O18       R-3c        energy=-204.44142204
          initial_magmoms=[ 4.  4.  4.  4.  4.  4. -4. -4. -4. -4. -4. -4.  0.  0.  0.  0.  0.  0.  0.  0.  0.  0.  0.  0.  0.  0.  0.  0.  0.  0.]  final_magmoms=[ 4.205  4.205  4.22   4.22   4.262  4.262 -4.271 -4.271 -4.267 -4.267 -4.149 -4.149  0.196  0.196 -0.203  0.007  0.007 -0.203  0.196  0.196 -0.203  0.007  0.007 -0.203  0.196  0.196 -0.203  0.007  0.007 -0.203]
afm68         2363    singlepoint=converged     Fe12O18       R-3c        energy=-203.71921352
          initial_magmoms=[ 4.  4.  4.  4.  4.  4. -4. -4. -4. -4. -4. -4.  0.  0.  0.  0.  0.  0.  0.  0.  0.  0.  0.  0.  0.  0.  0.  0.  0.  0.]  final_magmoms=[ 4.278  4.278  4.202  4.202  4.33   4.33  -4.33  -4.33  -4.278 -4.278 -4.202 -4.202  0.     0.    -0.353  0.353  0.353 -0.353 -0.    -0.    -0.353  0.353  0.353 -0.353  0.     0.    -0.353  0.353  0.353 -0.353]
afm66         2359    singlepoint=converged     Fe12O18       R-3c        energy=-204.10557113
          initial_magmoms=[ 4.  4.  4.  4.  4.  4. -4. -4. -4. -4. -4. -4.  0.  0.  0.  0.  0.  0.  0.  0.  0.  0.  0.  0.  0.  0.  0.  0.  0.  0.]  final_magmoms=[ 4.225  4.253  4.222  4.2    4.26   4.318 -4.327 -4.274 -4.279 -4.266 -4.134 -4.202 -0.006  0.201 -0.21   0.143  0.218 -0.346 -0.006  0.201 -0.21   0.143  0.218 -0.346 -0.006  0.201 -0.21   0.218  0.143 -0.346]
afm65         2357    singlepoint=converged     Fe12O18       R-3c        energy=-204.07762939
          initial_magmoms=[ 4.  4.  4.  4.  4.  4. -4. -4. -4. -4. -4. -4.  0.  0.  0.  0.  0.  0.  0.  0.  0.  0.  0.  0.  0.  0.  0.  0.  0.  0.]  final_magmoms=[ 4.201  4.278  4.273  4.15   4.264  4.322 -4.327 -4.274 -4.278 -4.266 -4.139 -4.207 -0.008  0.203 -0.209  0.225  0.136 -0.346 -0.008  0.203 -0.209  0.225  0.136 -0.346 -0.008  0.203 -0.209  0.136  0.225 -0.346]
afm64         2355    singlepoint=converged     Fe12O18       R-3c        energy=-204.89565521
          initial_magmoms=[ 4.  4.  4.  4.  4.  4. -4. -4. -4. -4. -4. -4.  0.  0.  0.  0.  0.  0.  0.  0.  0.  0.  0.  0.  0.  0.  0.  0.  0.  0.]  final_magmoms=[ 4.208  4.153  4.148  4.276  4.201  4.273 -4.201 -4.273 -4.276 -4.208 -4.153 -4.148  0.338 -0.014 -0.338  0.     0.014  0.     0.338 -0.014 -0.338  0.     0.014  0.     0.338 -0.014 -0.338  0.014 -0.    -0.   ]
afm63         2353    singlepoint=converged     Fe12O18       R-3c        energy=-204.59455012
          initial_magmoms=[ 4.  4.  4.  4.  4.  4. -4. -4. -4. -4. -4. -4.  0.  0.  0.  0.  0.  0.  0.  0.  0.  0.  0.  0.  0.  0.  0.  0.  0.  0.]  final_magmoms=[ 4.227  4.201  4.15   4.25   4.185  4.318 -4.251 -4.276 -4.275 -4.208 -4.139 -4.187  0.123 -0.008 -0.345  0.136  0.224 -0.128  0.123 -0.008 -0.345  0.136  0.224 -0.128  0.123 -0.008 -0.345  0.224  0.136 -0.128]
afm62         2351    singlepoint=converged     Fe12O18       R-3c        energy=-204.58553058
          initial_magmoms=[ 4.  4.  4.  4.  4.  4. -4. -4. -4. -4. -4. -4.  0.  0.  0.  0.  0.  0.  0.  0.  0.  0.  0.  0.  0.  0.  0.  0.  0.  0.]  final_magmoms=[ 4.204  4.225  4.201  4.2    4.186  4.319 -4.251 -4.276 -4.275 -4.203 -4.139 -4.193  0.119 -0.005 -0.344  0.218  0.142 -0.129  0.119 -0.005 -0.344  0.218  0.142 -0.129  0.119 -0.005 -0.344  0.142  0.218 -0.129]
afm61         2349    singlepoint=converged     Fe12O18       R-3c        energy=-204.93874559
          initial_magmoms=[ 4.  4.  4.  4.  4.  4. -4. -4. -4. -4. -4. -4.  0.  0.  0.  0.  0.  0.  0.  0.  0.  0.  0.  0.  0.  0.  0.  0.  0.  0.]  final_magmoms=[ 4.155  4.205  4.221  4.198  4.187  4.262 -4.247 -4.22  -4.264 -4.148 -4.153 -4.193  0.114  0.196 -0.202  0.007  0.006 -0.122  0.114  0.196 -0.202  0.007  0.006 -0.122  0.114  0.196 -0.202  0.006  0.007 -0.122]
afm60         2347    singlepoint=converged     Fe12O18       R-3c        energy=-205.3998727
          initial_magmoms=[ 4.  4.  4.  4.  4.  4. -4. -4. -4. -4. -4. -4.  0.  0.  0.  0.  0.  0.  0.  0.  0.  0.  0.  0.  0.  0.  0.  0.  0.  0.]  final_magmoms=[ 4.155  4.155  4.198  4.198  4.192  4.192 -4.198 -4.198 -4.194 -4.153 -4.153 -4.194  0.115  0.115 -0.12   0.006  0.006 -0.12   0.115  0.115 -0.12   0.006  0.006 -0.12   0.115  0.115 -0.12   0.006  0.006 -0.12 ]
afm59         2345    singlepoint=converged     Fe12O18       R-3c        energy=-203.80675768
          initial_magmoms=[ 4.  4.  4.  4.  4.  4. -4. -4. -4. -4. -4. -4.  0.  0.  0.  0.  0.  0.  0.  0.  0.  0.  0.  0.  0.  0.  0.  0.  0.  0.]  final_magmoms=[ 4.318  4.266  4.182  4.272  4.276  4.238 -4.266 -4.182 -4.318 -4.238 -4.276 -4.272  0.015 -0.203 -0.218  0.203  0.218 -0.015  0.015 -0.203 -0.218  0.203  0.218 -0.015  0.015 -0.203 -0.218  0.218  0.203 -0.015]
afm58         2343    singlepoint=converged     Fe12O18       R-3c        energy=-204.33637441
          initial_magmoms=[ 4.  4.  4.  4.  4.  4. -4. -4. -4. -4. -4. -4.  0.  0.  0.  0.  0.  0.  0.  0.  0.  0.  0.  0.  0.  0.  0.  0.  0.  0.]  final_magmoms=[ 4.264  4.238  4.184  4.184  4.264  4.238 -4.238 -4.184 -4.264 -4.238 -4.264 -4.184  0.007 -0.007 -0.086  0.007  0.086 -0.007  0.007 -0.007 -0.086  0.007  0.086 -0.007  0.007 -0.007 -0.086  0.086  0.007 -0.007]
afm56         2339    singlepoint=converged     Fe12O18       R-3c        energy=-204.3374285
          initial_magmoms=[ 4.  4.  4.  4.  4.  4. -4. -4. -4. -4. -4. -4.  0.  0.  0.  0.  0.  0.  0.  0.  0.  0.  0.  0.  0.  0.  0.  0.  0.  0.]  final_magmoms=[ 4.264  4.187  4.234  4.184  4.264  4.237 -4.264 -4.184 -4.237 -4.234 -4.264 -4.187  0.007 -0.086 -0.007 -0.     0.086  0.     0.007 -0.086 -0.007 -0.     0.086  0.     0.007 -0.086 -0.007  0.086 -0.     0.   ]
afm57         2341    singlepoint=converged     Fe12O18       R-3c        energy=-204.12642834
          initial_magmoms=[ 4.  4.  4.  4.  4.  4. -4. -4. -4. -4. -4. -4.  0.  0.  0.  0.  0.  0.  0.  0.  0.  0.  0.  0.  0.  0.  0.  0.  0.  0.]  final_magmoms=[ 4.266  4.319  4.136  4.188  4.276  4.272 -4.185 -4.262 -4.267 -4.252 -4.264 -4.221 -0.201  0.008 -0.093  0.217  0.204 -0.136 -0.201  0.008 -0.093  0.217  0.204 -0.136 -0.201  0.008 -0.093  0.204  0.217 -0.136]
afm55         2337    singlepoint=converged     Fe12O18       R-3c        energy=-204.35795744
          initial_magmoms=[ 4.  4.  4.  4.  4.  4. -4. -4. -4. -4. -4. -4.  0.  0.  0.  0.  0.  0.  0.  0.  0.  0.  0.  0.  0.  0.  0.  0.  0.  0.]  final_magmoms=[ 4.237  4.216  4.234  4.185  4.26   4.234 -4.216 -4.234 -4.237 -4.234 -4.26  -4.185  0.    -0.079 -0.007  0.079  0.007 -0.     0.    -0.079 -0.007  0.079  0.007 -0.     0.    -0.079 -0.007  0.007  0.079 -0.   ]
afm54         2335    singlepoint=converged     Fe12O18       R-3c        energy=-204.14611334
          initial_magmoms=[ 4.  4.  4.  4.  4.  4. -4. -4. -4. -4. -4. -4.  0.  0.  0.  0.  0.  0.  0.  0.  0.  0.  0.  0.  0.  0.  0.  0.  0.  0.]  final_magmoms=[ 4.265  4.269  4.184  4.184  4.272  4.272 -4.213 -4.262 -4.239 -4.249 -4.26  -4.22  -0.201 -0.071 -0.014  0.21   0.203 -0.129 -0.201 -0.071 -0.014  0.21   0.203 -0.129 -0.201 -0.071 -0.014  0.203  0.21  -0.129]
afm53         2333    singlepoint=converged     Fe12O18       R-3c        energy=-204.80274276
          initial_magmoms=[ 4.  4.  4.  4.  4.  4. -4. -4. -4. -4. -4. -4.  0.  0.  0.  0.  0.  0.  0.  0.  0.  0.  0.  0.  0.  0.  0.  0.  0.  0.]  final_magmoms=[ 4.189  4.193  4.238  4.199  4.199  4.234 -4.193 -4.238 -4.189 -4.234 -4.199 -4.199 -0.007  0.12   0.127 -0.12  -0.127  0.007 -0.007  0.12   0.127 -0.12  -0.127  0.007 -0.007  0.12   0.127 -0.127 -0.12   0.007]
afm52         2331    singlepoint=converged     Fe12O18       R-3c        energy=-204.63314497
          initial_magmoms=[ 4.  4.  4.  4.  4.  4. -4. -4. -4. -4. -4. -4.  0.  0.  0.  0.  0.  0.  0.  0.  0.  0.  0.  0.  0.  0.  0.  0.  0.  0.]  final_magmoms=[ 4.213  4.241  4.188  4.199  4.199  4.26  -4.189 -4.265 -4.192 -4.249 -4.184 -4.221 -0.209  0.127  0.12   0.014  0.072 -0.122 -0.209  0.127  0.12   0.014  0.072 -0.122 -0.209  0.127  0.12   0.072  0.014 -0.122]
afm51         2329    singlepoint=converged     Fe12O18       R-3c        energy=-204.61556041
          initial_magmoms=[ 4.  4.  4.  4.  4.  4. -4. -4. -4. -4. -4. -4.  0.  0.  0.  0.  0.  0.  0.  0.  0.  0.  0.  0.  0.  0.  0.  0.  0.  0.]  final_magmoms=[ 4.185  4.269  4.188  4.199  4.203  4.264 -4.141 -4.315 -4.191 -4.249 -4.188 -4.225 -0.216  0.134  0.12   0.093 -0.007 -0.123 -0.216  0.134  0.12   0.093 -0.007 -0.123 -0.216  0.134  0.12  -0.007  0.093 -0.123]
afm50         2327    singlepoint=converged     Fe12O18       R-3c        energy=-204.12642339
          initial_magmoms=[ 4.  4.  4.  4.  4.  4. -4. -4. -4. -4. -4. -4.  0.  0.  0.  0.  0.  0.  0.  0.  0.  0.  0.  0.  0.  0.  0.  0.  0.  0.]  final_magmoms=[ 4.267  4.185  4.262  4.221  4.264  4.252 -4.319 -4.136 -4.266 -4.272 -4.276 -4.188  0.136 -0.217 -0.204 -0.008  0.093  0.201  0.136 -0.217 -0.204 -0.008  0.093  0.201  0.136 -0.217 -0.204  0.093 -0.008  0.201]
afm49         2325    singlepoint=converged     Fe12O18       R-3c        energy=-204.14610541
          initial_magmoms=[ 4.  4.  4.  4.  4.  4. -4. -4. -4. -4. -4. -4.  0.  0.  0.  0.  0.  0.  0.  0.  0.  0.  0.  0.  0.  0.  0.  0.  0.  0.]  final_magmoms=[ 4.239  4.213  4.262  4.22   4.26   4.249 -4.269 -4.184 -4.265 -4.272 -4.272 -4.184  0.129 -0.21  -0.203  0.071  0.014  0.201  0.129 -0.21  -0.203  0.071  0.014  0.201  0.129 -0.21  -0.203  0.014  0.071  0.201]
afm48         2323    singlepoint=converged     Fe12O18       R-3c        energy=-203.95973419
          initial_magmoms=[ 4.  4.  4.  4.  4.  4. -4. -4. -4. -4. -4. -4.  0.  0.  0.  0.  0.  0.  0.  0.  0.  0.  0.  0.  0.  0.  0.  0.  0.  0.]  final_magmoms=[ 4.27   4.266  4.21   4.212  4.272  4.273 -4.266 -4.21  -4.27  -4.273 -4.272 -4.212 -0.065 -0.203 -0.211  0.203  0.211  0.065 -0.065 -0.203 -0.211  0.203  0.211  0.065 -0.065 -0.203 -0.211  0.211  0.203  0.065]
afm47         2321    singlepoint=converged     Fe12O18       R-3c        energy=-204.6331312
          initial_magmoms=[ 4.  4.  4.  4.  4.  4. -4. -4. -4. -4. -4. -4.  0.  0.  0.  0.  0.  0.  0.  0.  0.  0.  0.  0.  0.  0.  0.  0.  0.  0.]  final_magmoms=[ 4.192  4.189  4.265  4.221  4.184  4.249 -4.241 -4.188 -4.213 -4.26  -4.199 -4.199  0.122 -0.014 -0.072 -0.127 -0.12   0.209  0.122 -0.014 -0.072 -0.127 -0.12   0.209  0.122 -0.014 -0.072 -0.12  -0.127  0.209]
afm46         2319    singlepoint=converged     Fe12O18       R-3c        energy=-204.4891718
          initial_magmoms=[ 4.  4.  4.  4.  4.  4. -4. -4. -4. -4. -4. -4.  0.  0.  0.  0.  0.  0.  0.  0.  0.  0.  0.  0.  0.  0.  0.  0.  0.  0.]  final_magmoms=[ 4.217  4.237  4.213  4.213  4.185  4.261 -4.237 -4.213 -4.217 -4.261 -4.185 -4.213 -0.073 -0.007 -0.08   0.007  0.08   0.073 -0.073 -0.007 -0.08   0.007  0.08   0.073 -0.073 -0.007 -0.08   0.08   0.007  0.073]
afm45         2317    singlepoint=converged     Fe12O18       R-3c        energy=-204.47112532
          initial_magmoms=[ 4.  4.  4.  4.  4.  4. -4. -4. -4. -4. -4. -4.  0.  0.  0.  0.  0.  0.  0.  0.  0.  0.  0.  0.  0.  0.  0.  0.  0.  0.]  final_magmoms=[ 4.188e+00  4.264e+00  4.213e+00  4.213e+00  4.188e+00  4.264e+00 -4.187e+00 -4.261e+00 -4.217e+00 -4.261e+00 -4.187e+00 -4.217e+00 -7.900e-02  1.000e-03 -7.900e-02  8.600e-02  1.000e-03  7.200e-02 -7.900e-02  1.000e-03 -7.900e-02  8.600e-02  1.000e-03  7.200e-02 -7.900e-02  1.000e-03 -7.900e-02  1.000e-03  8.600e-02  7.200e-02]
afm44         2315    singlepoint=converged     Fe12O18       R-3c        energy=-204.61555013
          initial_magmoms=[ 4.  4.  4.  4.  4.  4. -4. -4. -4. -4. -4. -4.  0.  0.  0.  0.  0.  0.  0.  0.  0.  0.  0.  0.  0.  0.  0.  0.  0.  0.]  final_magmoms=[ 4.191  4.141  4.315  4.225  4.188  4.249 -4.269 -4.188 -4.185 -4.264 -4.203 -4.199  0.123 -0.093  0.007 -0.134 -0.12   0.216  0.123 -0.093  0.007 -0.134 -0.12   0.216  0.123 -0.093  0.007 -0.12  -0.134  0.216]
afm41         2309    singlepoint=converged     Fe12O18       R-3c        energy=-204.91677967
          initial_magmoms=[ 4.  4.  4.  4.  4.  4. -4. -4. -4. -4. -4. -4.  0.  0.  0.  0.  0.  0.  0.  0.  0.  0.  0.  0.  0.  0.  0.  0.  0.  0.]  final_magmoms=[ 4.141  4.193  4.266  4.217  4.202  4.2   -4.193 -4.266 -4.141 -4.2   -4.202 -4.217 -0.086  0.12   0.133 -0.12  -0.133  0.086 -0.086  0.12   0.133 -0.12  -0.133  0.086 -0.086  0.12   0.133 -0.133 -0.12   0.086]
afm42         2311    singlepoint=converged     Fe12O18       R-3c        energy=-204.47253851
          initial_magmoms=[ 4.  4.  4.  4.  4.  4. -4. -4. -4. -4. -4. -4.  0.  0.  0.  0.  0.  0.  0.  0.  0.  0.  0.  0.  0.  0.  0.  0.  0.  0.]  final_magmoms=[ 4.188  4.216  4.261  4.216  4.188  4.261 -4.216 -4.261 -4.188 -4.261 -4.188 -4.216 -0.079 -0.079 -0.     0.079 -0.     0.079 -0.079 -0.079 -0.     0.079 -0.     0.079 -0.079 -0.079 -0.    -0.     0.079  0.079]
afm43         2313    singlepoint=converged     Fe12O18       R-3c        energy=-204.47112841
          initial_magmoms=[ 4.  4.  4.  4.  4.  4. -4. -4. -4. -4. -4. -4.  0.  0.  0.  0.  0.  0.  0.  0.  0.  0.  0.  0.  0.  0.  0.  0.  0.  0.]  final_magmoms=[ 4.217e+00  4.187e+00  4.261e+00  4.217e+00  4.187e+00  4.261e+00 -4.264e+00 -4.213e+00 -4.188e+00 -4.264e+00 -4.188e+00 -4.213e+00 -7.200e-02 -8.600e-02 -1.000e-03 -1.000e-03  7.900e-02  7.900e-02 -7.200e-02 -8.600e-02 -1.000e-03 -1.000e-03  7.900e-02  7.900e-02 -7.200e-02 -8.600e-02 -1.000e-03  7.900e-02 -1.000e-03  7.900e-02]
afm40         2307    singlepoint=converged     Fe12O18       R-3c        energy=-204.44142163
          initial_magmoms=[ 4.  4.  4.  4.  4.  4. -4. -4. -4. -4. -4. -4.  0.  0.  0.  0.  0.  0.  0.  0.  0.  0.  0.  0.  0.  0.  0.  0.  0.  0.]  final_magmoms=[ 4.267  4.267  4.149  4.149  4.271  4.271 -4.262 -4.262 -4.205 -4.205 -4.22  -4.22  -0.196 -0.196 -0.007  0.203  0.203 -0.007 -0.196 -0.196 -0.007  0.203  0.203 -0.007 -0.196 -0.196 -0.007  0.203  0.203 -0.007]
afm39         2305    singlepoint=converged     Fe12O18       R-3c        energy=-204.79341757
          initial_magmoms=[ 4.  4.  4.  4.  4.  4. -4. -4. -4. -4. -4. -4.  0.  0.  0.  0.  0.  0.  0.  0.  0.  0.  0.  0.  0.  0.  0.  0.  0.  0.]  final_magmoms=[ 4.19   4.19   4.2    4.2    4.236  4.236 -4.236 -4.236 -4.19  -4.19  -4.2   -4.2   -0.    -0.     0.127 -0.127 -0.127  0.127  0.     0.     0.127 -0.127 -0.127  0.127 -0.    -0.     0.127 -0.127 -0.127  0.127]
afm38         2303    singlepoint=converged     Fe12O18       R-3c        energy=-204.63993043
          initial_magmoms=[ 4.  4.  4.  4.  4.  4. -4. -4. -4. -4. -4. -4.  0.  0.  0.  0.  0.  0.  0.  0.  0.  0.  0.  0.  0.  0.  0.  0.  0.  0.]  final_magmoms=[ 4.214e+00  4.239e+00  4.150e+00  4.198e+00  4.237e+00  4.259e+00 -4.233e+00 -4.265e+00 -4.205e+00 -4.190e+00 -4.186e+00 -4.221e+00 -2.040e-01  7.000e-03  1.220e-01  7.000e-03  7.200e-02 -2.000e-03 -2.040e-01  7.000e-03  1.220e-01  7.000e-03  7.200e-02 -2.000e-03 -2.040e-01  7.000e-03  1.220e-01  7.200e-02  7.000e-03 -2.000e-03]
afm37         2301    singlepoint=converged     Fe12O18       R-3c        energy=-204.62111418
          initial_magmoms=[ 4.  4.  4.  4.  4.  4. -4. -4. -4. -4. -4. -4.  0.  0.  0.  0.  0.  0.  0.  0.  0.  0.  0.  0.  0.  0.  0.  0.  0.  0.]  final_magmoms=[ 4.186e+00  4.265e+00  4.150e+00  4.198e+00  4.240e+00  4.262e+00 -4.183e+00 -4.315e+00 -4.205e+00 -4.190e+00 -4.189e+00 -4.224e+00 -2.110e-01  1.400e-02  1.220e-01  8.600e-02 -7.000e-03 -3.000e-03 -2.110e-01  1.400e-02  1.220e-01  8.600e-02 -7.000e-03 -3.000e-03 -2.110e-01  1.400e-02  1.220e-01 -7.000e-03  8.600e-02 -3.000e-03]
afm36         2299    singlepoint=converged     Fe12O18       R-3c        energy=-204.58553021
          initial_magmoms=[ 4.  4.  4.  4.  4.  4. -4. -4. -4. -4. -4. -4.  0.  0.  0.  0.  0.  0.  0.  0.  0.  0.  0.  0.  0.  0.  0.  0.  0.  0.]  final_magmoms=[ 4.193  4.139  4.275  4.203  4.276  4.251 -4.319 -4.186 -4.201 -4.225 -4.204 -4.2    0.129 -0.218  0.005 -0.142 -0.119  0.344  0.129 -0.218  0.005 -0.142 -0.119  0.344  0.129 -0.218  0.005 -0.119 -0.142  0.344]
afm35         2297    singlepoint=converged     Fe12O18       R-3c        energy=-204.46370491
          initial_magmoms=[ 4.  4.  4.  4.  4.  4. -4. -4. -4. -4. -4. -4.  0.  0.  0.  0.  0.  0.  0.  0.  0.  0.  0.  0.  0.  0.  0.  0.  0.  0.]  final_magmoms=[ 4.218e+00  4.186e+00  4.221e+00  4.200e+00  4.266e+00  4.259e+00 -4.315e+00 -4.211e+00 -4.200e+00 -4.225e+00 -4.189e+00 -4.211e+00 -6.500e-02 -2.110e-01 -1.000e-03 -8.000e-03  7.900e-02  2.040e-01 -6.500e-02 -2.110e-01 -1.000e-03 -8.000e-03  7.900e-02  2.040e-01 -6.500e-02 -2.110e-01 -1.000e-03  7.900e-02 -8.000e-03  2.040e-01]
afm34         2295    singlepoint=converged     Fe12O18       R-3c        energy=-204.46310422
          initial_magmoms=[ 4.  4.  4.  4.  4.  4. -4. -4. -4. -4. -4. -4.  0.  0.  0.  0.  0.  0.  0.  0.  0.  0.  0.  0.  0.  0.  0.  0.  0.  0.]  final_magmoms=[ 4.189  4.214  4.221  4.201  4.265  4.259 -4.265 -4.259 -4.201 -4.221 -4.189 -4.214 -0.071 -0.204 -0.     0.071 -0.     0.204 -0.071 -0.204 -0.     0.071 -0.     0.204 -0.071 -0.204  0.    -0.     0.071  0.204]
afm33         2293    singlepoint=converged     Fe12O18       R-3c        energy=-204.62572589
          initial_magmoms=[ 4.  4.  4.  4.  4.  4. -4. -4. -4. -4. -4. -4.  0.  0.  0.  0.  0.  0.  0.  0.  0.  0.  0.  0.  0.  0.  0.  0.  0.  0.]  final_magmoms=[ 4.142  4.19   4.222  4.25   4.264  4.235 -4.236 -4.264 -4.185 -4.201 -4.203 -4.214 -0.079  0.     0.129 -0.127 -0.133  0.209 -0.079  0.     0.129 -0.127 -0.133  0.209 -0.079  0.     0.129 -0.133 -0.127  0.209]
afm32         2291    singlepoint=converged     Fe12O18       R-3c        energy=-204.42144591
          initial_magmoms=[ 4.  4.  4.  4.  4.  4. -4. -4. -4. -4. -4. -4.  0.  0.  0.  0.  0.  0.  0.  0.  0.  0.  0.  0.  0.  0.  0.  0.  0.  0.]  final_magmoms=[ 4.142  4.142  4.274  4.274  4.268  4.268 -4.263 -4.263 -4.215 -4.204 -4.204 -4.215 -0.078 -0.078  0.211 -0.133 -0.133  0.211 -0.078 -0.078  0.211 -0.133 -0.133  0.211 -0.078 -0.078  0.211 -0.133 -0.133  0.211]
afm31         2289    singlepoint=converged     Fe12O18       R-3c        energy=-203.77987429
          initial_magmoms=[ 4.  4.  4.  4.  4.  4. -4. -4. -4. -4. -4. -4.  0.  0.  0.  0.  0.  0.  0.  0.  0.  0.  0.  0.  0.  0.  0.  0.  0.  0.]  final_magmoms=[ 4.277  4.187  4.187  4.277  4.317  4.317 -4.317 -4.317 -4.187 -4.277 -4.277 -4.187  0.218 -0.218 -0.218 -0.     0.218  0.     0.218 -0.218 -0.218 -0.     0.218  0.     0.218 -0.218 -0.218  0.218 -0.     0.   ]
afm30         2287    singlepoint=converged     Fe12O18       R-3c        energy=-204.62109394
          initial_magmoms=[ 4.  4.  4.  4.  4.  4. -4. -4. -4. -4. -4. -4.  0.  0.  0.  0.  0.  0.  0.  0.  0.  0.  0.  0.  0.  0.  0.  0.  0.  0.]  final_magmoms=[ 4.205e+00  4.142e+00  4.239e+00  4.224e+00  4.183e+00  4.315e+00 -4.268e+00 -4.236e+00 -4.183e+00 -4.266e+00 -4.201e+00 -4.151e+00  2.110e-01 -9.300e-02 -7.000e-03 -1.280e-01  2.000e-03  1.400e-02  2.110e-01 -9.300e-02 -7.000e-03 -1.280e-01  2.000e-03  1.400e-02  2.110e-01 -9.300e-02 -7.000e-03  2.000e-03 -1.280e-01  1.400e-02]
afm29         2285    singlepoint=converged     Fe12O18       R-3c        energy=-204.62111813
          initial_magmoms=[ 4.  4.  4.  4.  4.  4. -4. -4. -4. -4. -4. -4.  0.  0.  0.  0.  0.  0.  0.  0.  0.  0.  0.  0.  0.  0.  0.  0.  0.  0.]  final_magmoms=[ 4.224e+00  4.189e+00  4.190e+00  4.205e+00  4.183e+00  4.315e+00 -4.262e+00 -4.240e+00 -4.198e+00 -4.265e+00 -4.186e+00 -4.150e+00  3.000e-03 -8.600e-02 -1.400e-02  7.000e-03  2.110e-01 -1.220e-01  3.000e-03 -8.600e-02 -1.400e-02  7.000e-03  2.110e-01 -1.220e-01  3.000e-03 -8.600e-02 -1.400e-02  2.110e-01  7.000e-03 -1.220e-01]
afm28         2283    singlepoint=converged     Fe12O18       R-3c        energy=-205.39987986
          initial_magmoms=[ 4.  4.  4.  4.  4.  4. -4. -4. -4. -4. -4. -4.  0.  0.  0.  0.  0.  0.  0.  0.  0.  0.  0.  0.  0.  0.  0.  0.  0.  0.]  final_magmoms=[ 4.153  4.194  4.194  4.153  4.198  4.198 -4.192 -4.192 -4.198 -4.198 -4.155 -4.155 -0.006  0.12   0.12  -0.115 -0.006 -0.115 -0.006  0.12   0.12  -0.115 -0.006 -0.115 -0.006  0.12   0.12  -0.006 -0.115 -0.115]
afm27         2281    singlepoint=converged     Fe12O18       R-3c        energy=-204.07762723
          initial_magmoms=[ 4.  4.  4.  4.  4.  4. -4. -4. -4. -4. -4. -4.  0.  0.  0.  0.  0.  0.  0.  0.  0.  0.  0.  0.  0.  0.  0.  0.  0.  0.]  final_magmoms=[ 4.207  4.139  4.266  4.278  4.274  4.327 -4.322 -4.264 -4.273 -4.278 -4.201 -4.15   0.346 -0.225 -0.203 -0.136  0.008  0.209  0.346 -0.225 -0.203 -0.136  0.008  0.209  0.346 -0.225 -0.203  0.008 -0.136  0.209]
afm26         2279    singlepoint=converged     Fe12O18       R-3c        energy=-204.11960894
          initial_magmoms=[ 4.  4.  4.  4.  4.  4. -4. -4. -4. -4. -4. -4.  0.  0.  0.  0.  0.  0.  0.  0.  0.  0.  0.  0.  0.  0.  0.  0.  0.  0.]  final_magmoms=[ 4.226e+00  4.187e+00  4.215e+00  4.253e+00  4.262e+00  4.313e+00 -4.317e+00 -4.268e+00 -4.274e+00 -4.277e+00 -4.186e+00 -4.137e+00  1.360e-01 -2.180e-01 -2.110e-01 -1.000e-03  2.160e-01  7.800e-02  1.360e-01 -2.180e-01 -2.110e-01 -1.000e-03  2.160e-01  7.800e-02  1.360e-01 -2.180e-01 -2.110e-01  2.160e-01 -1.000e-03  7.800e-02]
afm25         2277    singlepoint=converged     Fe12O18       R-3c        energy=-204.42144807
          initial_magmoms=[ 4.  4.  4.  4.  4.  4. -4. -4. -4. -4. -4. -4.  0.  0.  0.  0.  0.  0.  0.  0.  0.  0.  0.  0.  0.  0.  0.  0.  0.  0.]  final_magmoms=[ 4.204  4.215  4.215  4.204  4.263  4.263 -4.268 -4.268 -4.274 -4.274 -4.142 -4.142  0.133 -0.211 -0.211  0.078  0.133  0.078  0.133 -0.211 -0.211  0.078  0.133  0.078  0.133 -0.211 -0.211  0.133  0.078  0.078]
afm24         2275    singlepoint=converged     Fe12O18       R-3c        energy=-204.93287576
          initial_magmoms=[ 4.  4.  4.  4.  4.  4. -4. -4. -4. -4. -4. -4.  0.  0.  0.  0.  0.  0.  0.  0.  0.  0.  0.  0.  0.  0.  0.  0.  0.  0.]  final_magmoms=[ 4.156  4.19   4.218  4.201  4.264  4.183 -4.239 -4.215 -4.262 -4.198 -4.155 -4.142  0.128 -0.013 -0.079 -0.122  0.     0.086  0.128 -0.013 -0.079 -0.122  0.     0.086  0.128 -0.013 -0.079  0.    -0.122  0.086]
afm23         2273    singlepoint=converged     Fe12O18       R-3c        energy=-204.91390289
          initial_magmoms=[ 4.  4.  4.  4.  4.  4. -4. -4. -4. -4. -4. -4.  0.  0.  0.  0.  0.  0.  0.  0.  0.  0.  0.  0.  0.  0.  0.  0.  0.  0.]  final_magmoms=[ 4.155  4.142  4.266  4.201  4.267  4.186 -4.267 -4.186 -4.266 -4.201 -4.155 -4.142  0.128 -0.093 -0.    -0.128  0.     0.093  0.128 -0.093 -0.    -0.128  0.     0.093  0.128 -0.093 -0.    -0.    -0.128  0.093]
afm22         2271    singlepoint=converged     Fe12O18       R-3c        energy=-204.62109122
          initial_magmoms=[ 4.  4.  4.  4.  4.  4. -4. -4. -4. -4. -4. -4.  0.  0.  0.  0.  0.  0.  0.  0.  0.  0.  0.  0.  0.  0.  0.  0.  0.  0.]  final_magmoms=[ 4.266e+00  4.201e+00  4.183e+00  4.151e+00  4.268e+00  4.236e+00 -4.183e+00 -4.315e+00 -4.239e+00 -4.224e+00 -4.205e+00 -4.142e+00  7.000e-03 -2.000e-03 -2.110e-01  1.280e-01  9.300e-02 -1.400e-02  7.000e-03 -2.000e-03 -2.110e-01  1.280e-01  9.300e-02 -1.400e-02  7.000e-03 -2.000e-03 -2.110e-01  9.300e-02  1.280e-01 -1.400e-02]
afm21         2269    singlepoint=converged     Fe12O18       R-3c        energy=-204.33121658
          initial_magmoms=[ 4.  4.  4.  4.  4.  4. -4. -4. -4. -4. -4. -4.  0.  0.  0.  0.  0.  0.  0.  0.  0.  0.  0.  0.  0.  0.  0.  0.  0.  0.]  final_magmoms=[ 4.239  4.225  4.183  4.2    4.314  4.233 -4.233 -4.314 -4.239 -4.225 -4.2   -4.183 -0.     0.    -0.211  0.211  0.015 -0.015  0.    -0.    -0.211  0.211  0.015 -0.015  0.    -0.    -0.211  0.015  0.211 -0.015]
afm20         2267    singlepoint=converged     Fe12O18       R-3c        energy=-204.10557044
          initial_magmoms=[ 4.  4.  4.  4.  4.  4. -4. -4. -4. -4. -4. -4.  0.  0.  0.  0.  0.  0.  0.  0.  0.  0.  0.  0.  0.  0.  0.  0.  0.  0.]  final_magmoms=[ 4.266  4.279  4.134  4.202  4.327  4.274 -4.26  -4.318 -4.253 -4.225 -4.2   -4.222 -0.201  0.006 -0.218  0.346  0.21  -0.143 -0.201  0.006 -0.218  0.346  0.21  -0.143 -0.201  0.006 -0.218  0.21   0.346 -0.143]
afm19         2265    singlepoint=converged     Fe12O18       R-3c        energy=-204.63993134
          initial_magmoms=[ 4.  4.  4.  4.  4.  4. -4. -4. -4. -4. -4. -4.  0.  0.  0.  0.  0.  0.  0.  0.  0.  0.  0.  0.  0.  0.  0.  0.  0.  0.]  final_magmoms=[ 4.190e+00  4.205e+00  4.186e+00  4.221e+00  4.265e+00  4.233e+00 -4.237e+00 -4.259e+00 -4.239e+00 -4.214e+00 -4.150e+00 -4.198e+00 -7.000e-03  2.040e-01 -7.200e-02  2.000e-03 -1.220e-01 -7.000e-03 -7.000e-03  2.040e-01 -7.200e-02  2.000e-03 -1.220e-01 -7.000e-03 -7.000e-03  2.040e-01 -7.200e-02 -1.220e-01  2.000e-03 -7.000e-03]
afm18         2263    singlepoint=converged     Fe12O18       R-3c        energy=-204.45640721
          initial_magmoms=[ 4.  4.  4.  4.  4.  4. -4. -4. -4. -4. -4. -4.  0.  0.  0.  0.  0.  0.  0.  0.  0.  0.  0.  0.  0.  0.  0.  0.  0.  0.]  final_magmoms=[ 4.214  4.253  4.137  4.223  4.264  4.262 -4.264 -4.262 -4.253 -4.214 -4.137 -4.223 -0.209  0.209 -0.079  0.136  0.079 -0.136 -0.209  0.209 -0.079  0.136  0.079 -0.136 -0.209  0.209 -0.079  0.079  0.136 -0.136]
afm17         2261    singlepoint=converged     Fe12O18       R-3c        energy=-204.1196158
          initial_magmoms=[ 4.  4.  4.  4.  4.  4. -4. -4. -4. -4. -4. -4.  0.  0.  0.  0.  0.  0.  0.  0.  0.  0.  0.  0.  0.  0.  0.  0.  0.  0.]  final_magmoms=[ 4.186e+00  4.277e+00  4.137e+00  4.274e+00  4.268e+00  4.317e+00 -4.313e+00 -4.262e+00 -4.253e+00 -4.215e+00 -4.187e+00 -4.226e+00 -2.160e-01  2.110e-01 -7.800e-02  2.180e-01  1.000e-03 -1.360e-01 -2.160e-01  2.110e-01 -7.800e-02  2.180e-01  1.000e-03 -1.360e-01 -2.160e-01  2.110e-01 -7.800e-02  1.000e-03  2.180e-01 -1.360e-01]
afm16         2259    singlepoint=converged     Fe12O18       R-3c        energy=-204.81976589
          initial_magmoms=[ 4.  4.  4.  4.  4.  4. -4. -4. -4. -4. -4. -4.  0.  0.  0.  0.  0.  0.  0.  0.  0.  0.  0.  0.  0.  0.  0.  0.  0.  0.]  final_magmoms=[ 4.19   4.155  4.235  4.197  4.236  4.233 -4.236 -4.233 -4.235 -4.19  -4.155 -4.197 -0.007  0.122  0.007  0.    -0.122  0.    -0.007  0.122  0.007  0.    -0.122  0.    -0.007  0.122  0.007 -0.122 -0.     0.   ]
afm15         2257    singlepoint=converged     Fe12O18       R-3c        energy=-204.62573783
          initial_magmoms=[ 4.  4.  4.  4.  4.  4. -4. -4. -4. -4. -4. -4.  0.  0.  0.  0.  0.  0.  0.  0.  0.  0.  0.  0.  0.  0.  0.  0.  0.  0.]  final_magmoms=[ 4.214  4.203  4.185  4.201  4.236  4.264 -4.264 -4.235 -4.25  -4.19  -4.142 -4.222 -0.209  0.127 -0.     0.133  0.079 -0.129 -0.209  0.127 -0.     0.133  0.079 -0.129 -0.209  0.127 -0.     0.079  0.133 -0.129]
afm14         2255    singlepoint=converged     Fe12O18       R-3c        energy=-204.32594711
          initial_magmoms=[ 4.  4.  4.  4.  4.  4. -4. -4. -4. -4. -4. -4.  0.  0.  0.  0.  0.  0.  0.  0.  0.  0.  0.  0.  0.  0.  0.  0.  0.  0.]  final_magmoms=[ 4.186  4.226  4.185  4.25   4.235  4.313 -4.313 -4.235 -4.25  -4.185 -4.186 -4.226 -0.216  0.129 -0.     0.216 -0.    -0.129 -0.216  0.129 -0.     0.216 -0.    -0.129 -0.216  0.129 -0.    -0.     0.216 -0.129]
afm13         2253    singlepoint=converged     Fe12O18       R-3c        energy=-204.59456087
          initial_magmoms=[ 4.  4.  4.  4.  4.  4. -4. -4. -4. -4. -4. -4.  0.  0.  0.  0.  0.  0.  0.  0.  0.  0.  0.  0.  0.  0.  0.  0.  0.  0.]  final_magmoms=[ 4.139  4.208  4.187  4.275  4.251  4.276 -4.318 -4.185 -4.25  -4.15  -4.201 -4.227 -0.224  0.345  0.128  0.008 -0.136 -0.123 -0.224  0.345  0.128  0.008 -0.136 -0.123 -0.224  0.345  0.128 -0.136  0.008 -0.123]
afm12         2251    singlepoint=converged     Fe12O18       R-3c        energy=-204.93873959
          initial_magmoms=[ 4.  4.  4.  4.  4.  4. -4. -4. -4. -4. -4. -4.  0.  0.  0.  0.  0.  0.  0.  0.  0.  0.  0.  0.  0.  0.  0.  0.  0.  0.]  final_magmoms=[ 4.193  4.153  4.264  4.148  4.22   4.247 -4.187 -4.262 -4.221 -4.205 -4.155 -4.198  0.122 -0.007 -0.196 -0.006 -0.114  0.202  0.122 -0.007 -0.196 -0.006 -0.114  0.202  0.122 -0.007 -0.196 -0.114 -0.006  0.202]
afm11         2249    singlepoint=converged     Fe12O18       R-3c        energy=-204.77214305
          initial_magmoms=[ 4.  4.  4.  4.  4.  4. -4. -4. -4. -4. -4. -4.  0.  0.  0.  0.  0.  0.  0.  0.  0.  0.  0.  0.  0.  0.  0.  0.  0.  0.]  final_magmoms=[ 4.219e+00  4.201e+00  4.211e+00  4.151e+00  4.212e+00  4.265e+00 -4.212e+00 -4.266e+00 -4.221e+00 -4.205e+00 -4.143e+00 -4.214e+00 -7.300e-02 -2.000e-03 -2.040e-01  1.280e-01  8.700e-02  6.500e-02 -7.300e-02 -2.000e-03 -2.040e-01  1.280e-01  8.700e-02  6.500e-02 -7.300e-02 -2.000e-03 -2.040e-01  8.700e-02  1.280e-01  6.500e-02]
afm10         2247    singlepoint=converged     Fe12O18       R-3c        energy=-204.46369945
          initial_magmoms=[ 4.  4.  4.  4.  4.  4. -4. -4. -4. -4. -4. -4.  0.  0.  0.  0.  0.  0.  0.  0.  0.  0.  0.  0.  0.  0.  0.  0.  0.  0.]  final_magmoms=[ 4.189e+00  4.225e+00  4.211e+00  4.200e+00  4.211e+00  4.315e+00 -4.259e+00 -4.266e+00 -4.221e+00 -4.200e+00 -4.186e+00 -4.218e+00 -7.900e-02  1.000e-03 -2.040e-01  2.110e-01  8.000e-03  6.500e-02 -7.900e-02  1.000e-03 -2.040e-01  2.110e-01  8.000e-03  6.500e-02 -7.900e-02  1.000e-03 -2.040e-01  8.000e-03  2.110e-01  6.500e-02]
afm9          2245    singlepoint=converged     Fe12O18       R-3c        energy=-204.77214337
          initial_magmoms=[ 4.  4.  4.  4.  4.  4. -4. -4. -4. -4. -4. -4.  0.  0.  0.  0.  0.  0.  0.  0.  0.  0.  0.  0.  0.  0.  0.  0.  0.  0.]  final_magmoms=[ 4.143e+00  4.205e+00  4.214e+00  4.221e+00  4.212e+00  4.266e+00 -4.265e+00 -4.212e+00 -4.211e+00 -4.151e+00 -4.201e+00 -4.219e+00 -8.700e-02  2.040e-01 -6.500e-02  2.000e-03 -1.280e-01  7.300e-02 -8.700e-02  2.040e-01 -6.500e-02  2.000e-03 -1.280e-01  7.300e-02 -8.700e-02  2.040e-01 -6.500e-02 -1.280e-01  2.000e-03  7.300e-02]
afm8          2243    singlepoint=converged     Fe12O18       R-3c        energy=-204.93287866
          initial_magmoms=[ 4.  4.  4.  4.  4.  4. -4. -4. -4. -4. -4. -4.  0.  0.  0.  0.  0.  0.  0.  0.  0.  0.  0.  0.  0.  0.  0.  0.  0.  0.]  final_magmoms=[ 4.142  4.155  4.262  4.198  4.215  4.239 -4.264 -4.183 -4.19  -4.156 -4.201 -4.218 -0.086  0.122  0.013 -0.    -0.128  0.079 -0.086  0.122  0.013 -0.    -0.128  0.079 -0.086  0.122  0.013 -0.128 -0.     0.079]
afm7          2241    singlepoint=converged     Fe12O18       R-3c        energy=-204.9088751
          initial_magmoms=[ 4.  4.  4.  4.  4.  4. -4. -4. -4. -4. -4. -4.  0.  0.  0.  0.  0.  0.  0.  0.  0.  0.  0.  0.  0.  0.  0.  0.  0.  0.]  final_magmoms=[ 4.206  4.154  4.188  4.149  4.225  4.313 -4.313 -4.188 -4.226 -4.206 -4.154 -4.149  0.211 -0.008 -0.211  0.     0.008  0.     0.211 -0.008 -0.211  0.     0.008  0.     0.211 -0.008 -0.211  0.008 -0.     0.   ]
afm6          2239    singlepoint=converged     Fe12O18       R-3c        energy=-204.88803549
          initial_magmoms=[ 4.  4.  4.  4.  4.  4. -4. -4. -4. -4. -4. -4.  0.  0.  0.  0.  0.  0.  0.  0.  0.  0.  0.  0.  0.  0.  0.  0.  0.  0.]  final_magmoms=[ 4.226e+00  4.203e+00  4.140e+00  4.151e+00  4.207e+00  4.318e+00 -4.318e+00 -4.203e+00 -4.226e+00 -4.207e+00 -4.140e+00 -4.151e+00  3.000e-03 -3.000e-03 -2.180e-01  1.360e-01  2.180e-01 -1.360e-01  3.000e-03 -3.000e-03 -2.180e-01  1.360e-01  2.180e-01 -1.360e-01  3.000e-03 -3.000e-03 -2.180e-01  2.180e-01  1.360e-01 -1.360e-01]
afm3          2233    singlepoint=converged     Fe12O18       R-3c        energy=-205.39620176
          initial_magmoms=[ 4.  4.  4.  4.  4.  4. -4. -4. -4. -4. -4. -4.  0.  0.  0.  0.  0.  0.  0.  0.  0.  0.  0.  0.  0.  0.  0.  0.  0.  0.]  final_magmoms=[ 4.154  4.156  4.192  4.199  4.154  4.235 -4.235 -4.199 -4.192 -4.154 -4.154 -4.156 -0.006  0.121 -0.     0.006  0.    -0.121 -0.006  0.121 -0.     0.006  0.    -0.121 -0.006  0.121 -0.    -0.     0.006 -0.121]
afm5          2237    singlepoint=converged     Fe12O18       R-3c        energy=-204.88978621
          initial_magmoms=[ 4.  4.  4.  4.  4.  4. -4. -4. -4. -4. -4. -4.  0.  0.  0.  0.  0.  0.  0.  0.  0.  0.  0.  0.  0.  0.  0.  0.  0.  0.]  final_magmoms=[ 4.202  4.226  4.14   4.202  4.156  4.318 -4.318 -4.202 -4.226 -4.202 -4.14  -4.156  0.     0.    -0.218  0.218  0.136 -0.136 -0.    -0.    -0.218  0.218  0.136 -0.136  0.    -0.    -0.218  0.136  0.218 -0.136]
afm4          2235    singlepoint=converged     Fe12O18       R-3c        energy=-205.21850586
          initial_magmoms=[ 4.  4.  4.  4.  4.  4. -4. -4. -4. -4. -4. -4.  0.  0.  0.  0.  0.  0.  0.  0.  0.  0.  0.  0.  0.  0.  0.  0.  0.  0.]  final_magmoms=[ 4.154  4.206  4.143  4.222  4.154  4.264 -4.262 -4.202 -4.216 -4.15  -4.154 -4.157 -0.006  0.204 -0.078  0.008 -0.    -0.128 -0.006  0.204 -0.078  0.008 -0.    -0.128 -0.006  0.204 -0.078 -0.     0.008 -0.128]
afm2          2231    singlepoint=converged     Fe12O18       R-3c        energy=-205.21849889
          initial_magmoms=[ 4.  4.  4.  4.  4.  4. -4. -4. -4. -4. -4. -4.  0.  0.  0.  0.  0.  0.  0.  0.  0.  0.  0.  0.  0.  0.  0.  0.  0.  0.]  final_magmoms=[ 4.157  4.154  4.216  4.15   4.202  4.262 -4.264 -4.222 -4.206 -4.154 -4.154 -4.143  0.128 -0.008 -0.204  0.     0.006  0.078  0.128 -0.008 -0.204  0.     0.006  0.078  0.128 -0.008 -0.204  0.006  0.     0.078]
afm1          2229    singlepoint=converged     Fe12O18       R-3c        energy=-205.97606796
          initial_magmoms=[ 4.  4.  4.  4.  4.  4. -4. -4. -4. -4. -4. -4.  0.  0.  0.  0.  0.  0.  0.  0.  0.  0.  0.  0.  0.  0.  0.  0.  0.  0.]  final_magmoms=[ 4.155  4.155  4.155  4.155  4.155  4.155 -4.155 -4.155 -4.155 -4.155 -4.155 -4.155  0.     0.    -0.     0.     0.    -0.    -0.    -0.    -0.     0.     0.    -0.     0.    -0.     0.    -0.    -0.     0.   ]
