generated by automag
bulk
  5.0350999832          0.0000000000          0.0000000000        
 -2.5175499916          4.3605244961          0.0000000000        
  0.0000000000          0.0000000000         13.7580995560        
  3 -nary case
    30 # Number of points in the multilattice
  0.0000000000          0.0000000000          4.8885280305        0/1
  0.0000000000          0.0000000000          8.8695719382        0/1
 -0.0000025503          2.9070177188          0.3024993349        0/1
  2.5175524689          1.4535066508          9.4745564235        0/1
 -0.0000025503          2.9070177188          4.2835431325        0/1
  2.5175524689          1.4535066508         13.4555999321        0/1
  0.0000000000          0.0000000000          1.9905217475        0/1
  0.0000000000          0.0000000000         11.7675773958        0/1
 -0.0000025503          2.9070177188         11.1625929105        0/1
 -0.0000025503          2.9070177188          7.1815494019        0/1
  2.5175524689          1.4535066508          6.5765505669        0/1
  2.5175524689          1.4535066508          2.5955068518        0/1
  1.5416469129          0.0000000000          3.4395248890        2
  3.4934530703          0.0000000000         10.3185746670        2
  1.5416445136          2.9070177188         12.6115956393        2
  4.0591993817          1.4535066508          8.0255536947        2
 -1.5416493926          2.9070177188          5.7325462603        2
  0.9759057020          1.4535066508          1.1465037241        2
 -0.7708234564          1.3351053902          3.4395248890        2
 -1.7467265352          3.0254191059         10.3185746670        2
 -0.7708260067          4.2421231090         12.6115956393        2
  1.7467289369          2.7886121718          8.0255536947        2
  0.7708208331          1.5719124551          5.7325462603        2
  3.2883758901          0.1184013216          1.1465037241        2
  1.7467265352          3.0254191059          3.4395248890        2
  0.7708234564          1.3351053902         10.3185746670        2
 -0.7708260092          1.5719124551         12.6115956393        2
  0.7708210572          4.2421231090          5.7325462603        2
  1.7467291232          0.1184013216          8.0255536947        2
  3.2883758498          2.7886121718          1.1465037241        2
    1 1   # Starting and ending cell sizes for search
0.10000000E-06 # Epsilon (finite precision parameter)
full list of labelings
# Concentration restrictions
   6   6  30
   6   6  30
  18  18  30
