generated str #: 52
1.000
  5.035100000  0.000000000  0.000000000
 -2.517550000  4.360524500  0.000000000
  0.000000000  0.000000000  13.758100000
  6   6   18   
D
  0.000000000   0.000000000   0.355319993
  0.000000000   0.000000000   0.644679999
  0.333332984   0.666666980   0.021986999
  0.000000000   0.000000000   0.855319921
  0.333332984   0.666666980   0.811346988
  0.666666995   0.333332997   0.478012996
  0.666666995   0.333332997   0.688652968
  0.333332984   0.666666980   0.311346996
  0.666666995   0.333332997   0.978012952
  0.000000000   0.000000000   0.144679985
  0.333332984   0.666666980   0.521987004
  0.666666995   0.333332997   0.188653004
  0.306179996   0.000000000   0.249999993
  0.693820004   0.000000000   0.750000000
  0.639513010   0.666666980   0.916666982
  0.972846991   0.333332997   0.583332997
  0.027152997   0.666666980   0.416667003
  0.360487018   0.333332997   0.083332997
  0.000000001   0.306180002   0.249999993
  0.000000007   0.693819998   0.750000000
  0.333332984   0.972846982   0.916666982
  0.666666979   0.639513022   0.583332997
  0.333332990   0.360487024   0.416667003
  0.666666985   0.027153000   0.083332997
  0.693819991   0.693819998   0.249999993
  0.306180001   0.306180002   0.750000000
  0.027153005   0.360487024   0.916666982
  0.639513015   0.972846982   0.416667003
  0.360487008   0.027153000   0.583332997
  0.972846976   0.639513022   0.083332997
